PaymentStatus,X1,X2,X3,X4,X5,X6,X7,X8,X9,X10,X11,X12,X13,X14,X15,X16,X17,X18,X19,X20,X21,X22,X23
default payment next month,LIMIT_BAL,SEX,EDUCATION,MARRIAGE,AGE,PAY_0,PAY_2,PAY_3,PAY_4,PAY_5,PAY_6,BILL_AMT1,BILL_AMT2,BILL_AMT3,BILL_AMT4,BILL_AMT5,BILL_AMT6,PAY_AMT1,PAY_AMT2,PAY_AMT3,PAY_AMT4,PAY_AMT5,PAY_AMT6
1,20000,2,2,1,24,2,2,-1,-1,-2,-2,3913,3102,689,0,0,0,0,689,0,0,0,0
1,120000,2,2,2,26,-1,2,0,0,0,2,2682,1725,2682,3272,3455,3261,0,1000,1000,1000,0,2000
0,90000,2,2,2,34,0,0,0,0,0,0,29239,14027,13559,14331,14948,15549,1518,1500,1000,1000,1000,5000
0,50000,2,2,1,37,0,0,0,0,0,0,46990,48233,49291,28314,28959,29547,2000,2019,1200,1100,1069,1000
0,50000,1,2,1,57,-1,0,-1,0,0,0,8617,5670,35835,20940,19146,19131,2000,36681,10000,9000,689,679
0,50000,1,1,2,37,0,0,0,0,0,0,64400,57069,57608,19394,19619,20024,2500,1815,657,1000,1000,800
0,500000,1,1,2,29,0,0,0,0,0,0,367965,412023,445007,542653,483003,473944,55000,40000,38000,20239,13750,13770
0,100000,2,2,2,23,0,-1,-1,0,0,-1,11876,380,601,221,-159,567,380,601,0,581,1687,1542
0,140000,2,3,1,28,0,0,2,0,0,0,11285,14096,12108,12211,11793,3719,3329,0,432,1000,1000,1000
0,20000,1,3,2,35,-2,-2,-2,-2,-1,-1,0,0,0,0,13007,13912,0,0,0,13007,1122,0
0,200000,2,3,2,34,0,0,2,0,0,-1,11073,9787,5535,2513,1828,3731,2306,12,50,300,3738,66
0,260000,2,1,2,51,-1,-1,-1,-1,-1,2,12261,21670,9966,8517,22287,13668,21818,9966,8583,22301,0,3640
0,630000,2,2,2,41,-1,0,-1,-1,-1,-1,12137,6500,6500,6500,6500,2870,1000,6500,6500,6500,2870,0
1,70000,1,2,2,30,1,2,2,0,0,2,65802,67369,65701,66782,36137,36894,3200,0,3000,3000,1500,0
0,250000,1,1,2,29,0,0,0,0,0,0,70887,67060,63561,59696,56875,55512,3000,3000,3000,3000,3000,3000
0,50000,2,3,3,23,1,2,0,0,0,0,50614,29173,28116,28771,29531,30211,0,1500,1100,1200,1300,1100
1,20000,1,1,2,24,0,0,2,2,2,2,15376,18010,17428,18338,17905,19104,3200,0,1500,0,1650,0
0,320000,1,1,1,49,0,0,0,-1,-1,-1,253286,246536,194663,70074,5856,195599,10358,10000,75940,20000,195599,50000
0,360000,2,1,1,49,1,-2,-2,-2,-2,-2,0,0,0,0,0,0,0,0,0,0,0,0
0,180000,2,1,2,29,1,-2,-2,-2,-2,-2,0,0,0,0,0,0,0,0,0,0,0,0
0,130000,2,3,2,39,0,0,0,0,0,-1,38358,27688,24489,20616,11802,930,3000,1537,1000,2000,930,33764
1,120000,2,2,1,39,-1,-1,-1,-1,-1,-1,316,316,316,0,632,316,316,316,0,632,316,0
1,70000,2,2,2,26,2,0,0,2,2,2,41087,42445,45020,44006,46905,46012,2007,3582,0,3601,0,1820
1,450000,2,1,1,40,-2,-2,-2,-2,-2,-2,5512,19420,1473,560,0,0,19428,1473,560,0,0,1128
0,90000,1,1,2,23,0,0,0,-1,0,0,4744,7070,0,5398,6360,8292,5757,0,5398,1200,2045,2000
0,50000,1,3,2,23,0,0,0,0,0,0,47620,41810,36023,28967,29829,30046,1973,1426,1001,1432,1062,997
1,60000,1,1,2,27,1,-2,-1,-1,-1,-1,-109,-425,259,-57,127,-189,0,1000,0,500,0,1000
0,50000,2,3,2,30,0,0,0,0,0,0,22541,16138,17163,17878,18931,19617,1300,1300,1000,1500,1000,1012
0,50000,2,3,1,47,-1,-1,-1,-1,-1,-1,650,3415,3416,2040,30430,257,3415,3421,2044,30430,257,0
0,50000,1,1,2,26,0,0,0,0,0,0,15329,16575,17496,17907,18375,11400,1500,1500,1000,1000,1600,0
0,230000,2,1,2,27,-1,-1,-1,-1,-1,-1,16646,17265,13266,15339,14307,36923,17270,13281,15339,14307,37292,0
1,50000,1,2,2,33,2,0,0,0,0,0,30518,29618,22102,22734,23217,23680,1718,1500,1000,1000,1000,716
0,100000,1,1,2,32,0,0,0,0,0,0,93036,84071,82880,80958,78703,75589,3023,3511,3302,3204,3200,2504
0,500000,2,2,1,54,-2,-2,-2,-2,-2,-2,10929,4152,22722,7521,71439,8981,4152,22827,7521,71439,981,51582
0,500000,1,1,1,58,-2,-2,-2,-2,-2,-2,13709,5006,31130,3180,0,5293,5006,31178,3180,0,5293,768
0,160000,1,1,2,30,-1,-1,-2,-2,-2,-1,30265,-131,-527,-923,-1488,-1884,131,396,396,565,792,0
0,280000,1,2,1,40,0,0,0,0,0,0,186503,181328,180422,170410,173901,177413,8026,8060,6300,6400,6400,6737
0,60000,2,2,2,22,0,0,0,0,0,-1,15054,9806,11068,6026,-28335,18660,1500,1518,2043,0,47671,617
1,50000,1,1,2,25,1,-1,-1,-2,-2,-2,0,780,0,0,0,0,780,0,0,0,0,0
0,280000,1,1,2,31,-1,-1,2,-1,0,-1,498,9075,4641,9976,17976,9477,9075,0,9976,8000,9525,781
0,360000,1,1,2,33,0,0,0,0,0,0,218668,221296,206895,628699,195969,179224,10000,7000,6000,188840,28000,4000
0,70000,2,1,2,25,0,0,0,0,0,0,67521,66999,63949,63699,64718,65970,3000,4500,4042,2500,2800,2500
0,10000,1,2,2,22,0,0,0,0,0,0,1877,3184,6003,3576,3670,4451,1500,2927,1000,300,1000,500
0,140000,2,2,1,37,0,0,0,0,0,0,59504,61544,62925,64280,67079,69802,3000,3000,3000,4000,4000,3000
0,40000,2,1,2,30,0,0,0,2,0,0,18927,21295,25921,25209,26636,29197,3000,5000,0,2000,3000,0
1,210000,1,1,2,29,-2,-2,-2,-2,-2,-2,0,0,0,0,0,0,0,0,0,0,0,0
1,20000,2,1,2,22,0,0,2,-1,0,0,14028,16484,15800,16341,16675,0,3000,0,16741,334,0,0
1,150000,2,5,2,46,0,0,-1,0,0,-2,4463,3034,1170,1170,0,0,1013,1170,0,0,0,0
0,380000,1,2,2,32,-1,-1,-1,-1,-1,-1,22401,21540,15134,32018,11849,11873,21540,15138,24677,11851,11875,8251
0,20000,1,1,2,24,0,0,0,0,0,0,17447,18479,19476,19865,20480,20063,1318,1315,704,928,912,1069
1,70000,1,3,2,42,1,2,2,2,2,0,37042,36171,38355,39423,38659,39362,0,3100,2000,0,1500,1500
0,100000,2,3,3,43,0,0,0,0,0,0,61559,51163,43824,39619,35762,33258,2000,1606,1500,2000,1500,1000
0,310000,2,2,1,49,-2,-2,-2,-2,-2,-2,13465,7867,7600,11185,3544,464,7875,7600,11185,3544,464,0
0,180000,2,1,2,25,1,2,0,0,0,0,41402,41742,42758,43510,44420,45319,1300,2010,1762,1762,1790,1622
0,150000,2,1,2,29,2,0,0,0,0,0,46224,34993,31434,26518,21042,16540,1600,1718,1049,1500,2000,5000
0,500000,2,1,1,45,-2,-2,-2,-2,-2,-2,1905,3640,162,0,151,2530,3640,162,0,151,2530,0
0,180000,2,3,1,34,0,0,0,-1,-1,-1,16386,15793,8441,7142,-679,8321,8500,1500,7500,679,9000,2000
0,180000,2,2,1,34,0,0,0,0,0,0,175886,173440,172308,168608,132202,129918,8083,7296,5253,4814,4816,3800
0,200000,2,1,2,34,-1,3,2,2,2,2,1587,1098,782,1166,700,1414,0,0,700,0,1200,0
0,400000,2,2,1,29,0,0,0,0,0,0,400134,398857,404205,360199,356656,364089,17000,15029,30000,12000,12000,23000
1,500000,2,3,1,28,0,0,0,0,0,0,22848,23638,18878,14937,13827,15571,1516,1300,1000,1000,2000,2000
0,70000,1,2,1,39,0,0,0,0,0,-1,70800,72060,69938,16518,14096,830,4025,2095,1000,2000,3000,0
1,50000,1,1,2,29,2,2,2,2,2,2,24987,24300,26591,25865,27667,28264,0,2700,0,2225,1200,0
1,50000,2,2,1,46,0,0,0,-2,-2,-2,28718,29166,0,0,0,0,1000,0,0,0,0,0
0,130000,2,2,1,51,-1,-1,-2,-2,-1,-1,99,0,0,0,2353,0,0,0,0,2353,0,0
1,200000,1,1,1,57,-2,-2,-2,-1,2,2,152519,148751,144076,8174,8198,7918,0,0,8222,300,0,1000
1,10000,1,2,1,56,2,2,2,0,0,0,2097,4193,3978,4062,4196,4326,2300,0,150,200,200,160
0,210000,2,1,2,30,2,-1,-1,-1,-1,-1,300,300,1159,2280,300,4250,300,1159,2280,300,4250,909
0,130000,2,3,2,29,1,-2,-2,-1,2,-1,-190,-9850,-9850,10311,10161,7319,0,0,20161,0,7319,13899
0,20000,1,5,2,22,2,0,0,0,0,0,18565,17204,17285,18085,11205,5982,0,1200,1000,500,1000,0
0,80000,1,1,2,31,-1,-1,-1,-1,-1,-1,780,0,390,390,390,390,0,390,390,390,390,390
1,320000,1,2,2,29,2,2,2,2,2,2,58267,59246,60184,58622,62307,63526,2500,2500,0,4800,2400,1600
0,200000,2,2,1,32,-1,-1,-1,-1,2,-1,9076,5787,-684,5247,3848,3151,5818,15,9102,17,3165,1395
0,290000,2,1,2,37,1,-2,-1,-1,-1,-1,0,0,3155,0,2359,0,0,3155,0,2359,0,0
0,340000,1,1,2,32,-1,-1,-1,-1,-1,-1,3048,5550,23337,4291,80153,25820,5713,23453,4314,80552,25949,2016
0,20000,1,2,2,24,0,0,2,0,0,0,14619,17216,16642,16976,17332,18543,2850,0,610,630,1500,0
0,50000,1,3,2,25,-1,0,0,0,0,0,42838,37225,36087,9636,9590,10030,1759,1779,320,500,1000,1000
0,300000,2,1,1,45,-1,-1,-1,-1,-1,-1,291,291,291,291,291,291,291,291,291,291,291,291
1,30000,2,2,2,22,0,0,0,0,0,0,28387,29612,30326,28004,26446,6411,1686,1400,560,3000,1765,0
1,240000,2,2,2,44,1,-2,-2,-2,-2,-2,0,0,0,0,0,0,0,0,0,0,0,0
0,470000,2,3,3,33,0,0,0,0,0,0,165254,157784,162702,69923,29271,29889,6400,7566,3000,960,1000,3000
0,360000,2,1,2,26,0,0,0,0,0,-1,23411,27796,30400,33100,180000,196,4796,3400,3100,146900,196,2963
1,60000,1,3,2,30,0,0,0,0,0,0,26324,27471,28108,21993,19899,19771,1576,1213,648,768,1140,0
0,400000,2,2,1,44,0,0,2,0,0,0,131595,139060,126819,104430,104990,94058,10700,3,3050,3000,3200,2800
0,50000,2,3,2,49,0,0,0,0,0,0,48909,47863,21489,20414,19342,19482,1676,1302,700,699,849,826
0,160000,1,2,2,33,0,0,0,0,0,0,130028,107808,71934,118418,118407,120418,4400,3547,80000,4500,4800,4500
1,360000,2,1,1,45,-1,-1,2,0,-1,-1,390,1170,780,390,390,390,1170,0,0,390,390,390
0,160000,2,2,2,32,0,0,0,0,0,-1,3826,4751,6604,8604,7072,766,1147,2000,2000,0,766,2303
0,130000,2,1,1,35,0,0,0,-1,-1,-1,81313,117866,17740,1330,7095,1190,40000,5000,1330,7095,1190,2090
0,20000,1,3,2,44,2,2,0,0,0,2,8583,8303,9651,10488,12314,11970,0,1651,1000,2000,0,1500
1,200000,1,1,1,53,2,2,2,2,2,2,138180,140774,142460,144098,147124,149531,6300,5500,5500,5500,5000,5000
0,280000,2,1,2,39,-1,-1,-1,0,0,-2,7524,0,3968,3868,0,0,0,3968,0,0,0,0
0,100000,2,1,2,27,-2,-2,-2,-2,-2,-2,-2000,5555,0,0,0,0,7555,0,0,0,0,0
0,160000,2,2,1,37,-1,-1,-1,-1,-1,-2,880,1602,840,840,0,0,1602,840,840,0,0,7736
0,60000,2,2,2,23,0,0,0,0,0,0,45648,46850,47214,19595,19209,19323,1937,1301,682,690,816,835
0,90000,1,2,2,35,0,0,0,0,0,0,83725,85996,87653,35565,30942,30835,3621,3597,1179,1112,1104,1143
0,360000,1,1,1,43,-1,-1,-1,-1,-1,0,3967,8322,3394,6451,26370,9956,8339,3394,12902,27000,0,68978
0,150000,1,1,2,27,0,0,0,0,0,0,86009,86108,89006,89775,87725,40788,4031,10006,3266,4040,1698,800
0,50000,2,3,1,22,0,0,0,0,0,0,18722,18160,16997,13150,8866,7899,1411,1194,379,281,321,197
1,20000,1,2,1,38,0,0,0,0,0,-1,17973,19367,19559,18240,17928,150,1699,1460,626,1750,150,0
0,140000,1,1,2,32,-2,-2,-2,-2,-2,-2,672,10212,850,415,100,1430,10212,850,415,100,1430,0
0,380000,2,1,2,30,-2,-2,-1,0,0,0,-81,-303,32475,32891,33564,34056,223,33178,1171,1197,1250,5000
0,480000,1,1,1,63,0,0,0,2,2,0,422069,431342,479432,487066,471145,469961,16078,55693,17000,0,18000,24200
1,50000,2,3,2,22,0,0,0,0,0,0,44698,42254,38347,32496,23477,24094,1767,1362,1002,840,995,904
0,60000,2,2,2,26,2,2,2,2,2,0,56685,55208,59175,60218,55447,55305,0,5000,2511,6,3000,3000
0,70000,2,2,2,24,-1,-1,-2,-2,-2,-1,5580,0,0,0,0,26529,0,0,0,0,26529,2000
0,80000,2,2,1,36,-1,-1,-1,-1,-1,-1,6108,2861,3277,3319,1150,1150,2861,3279,3319,1150,1150,1035
0,350000,1,1,2,52,-1,-1,-1,-1,-1,-1,713,2272,722,867,1150,5263,2272,722,867,1150,5263,5011
0,130000,1,2,2,38,0,0,0,-1,-1,-1,171438,178382,39940,120483,44127,126568,10908,0,133657,4566,133841,4796
0,360000,1,2,1,35,1,-2,-2,-2,-2,-2,-103,-103,-103,-103,-103,-103,0,0,0,0,0,0
0,330000,2,1,1,31,0,0,2,0,0,0,105879,108431,105594,105896,106491,107289,9260,0,3593,4100,15794,0
0,50000,1,3,1,47,0,0,2,0,0,0,13244,14722,15181,15928,16671,17393,2000,1000,1000,1000,1000,1000
0,280000,1,2,1,41,2,2,2,2,2,3,135673,138532,134813,144401,152174,149415,6500,0,14254,14850,0,5000
0,100000,2,1,2,24,0,0,0,0,0,0,52128,52692,54477,56076,60100,59713,2000,2677,3076,5080,3000,2033
0,50000,1,2,2,41,0,0,0,0,0,0,19015,19294,20259,20274,20311,19957,1340,1305,700,718,724,684
1,30000,1,1,2,24,-1,2,0,0,3,2,18199,17618,18631,21319,20692,21201,0,1312,3000,0,1000,1000
0,240000,1,1,2,28,-1,-1,-1,-1,-1,-1,326,326,326,5676,476,326,326,326,5676,476,326,526
1,80000,1,2,2,26,2,0,0,0,0,0,14029,15493,16630,17055,17629,18186,2000,1700,1000,1000,1000,1000
0,400000,1,2,1,34,-1,-1,-1,-1,-1,-1,19660,9666,11867,7839,14837,7959,9677,11867,7839,14837,7959,5712
0,240000,2,2,2,38,0,0,0,0,-1,-1,50254,51445,53015,52479,1307,1203,2000,3000,3000,1307,1203,563
1,50000,1,3,2,37,2,2,2,3,2,2,46004,45976,48953,48851,49318,51143,1000,4035,1000,1400,2800,0
1,450000,1,1,1,40,1,-2,-2,-2,-2,-2,0,0,0,0,0,0,0,0,0,0,0,0
0,110000,2,1,1,48,1,-2,-2,-2,-2,-2,0,0,0,0,0,0,0,0,0,0,0,0
1,310000,2,2,1,35,2,0,0,0,0,0,304991,311243,306314,258610,246491,198889,13019,11128,8407,8599,6833,5987
0,20000,1,1,2,27,0,0,0,0,0,0,19115,18962,19298,19378,19717,15630,1404,1130,600,861,313,0
0,20000,1,2,2,23,1,-2,-2,-2,-2,-2,0,0,0,0,0,0,0,0,0,0,0,0
0,200000,1,3,2,52,0,0,0,0,0,0,110151,99530,98951,100914,103146,104993,3568,3585,3602,3848,3669,3784
1,180000,1,1,1,36,0,0,0,0,0,0,163736,116422,99278,95766,97753,95927,4655,2690,2067,2142,2217,1000
1,50000,1,2,1,51,0,0,0,0,0,0,3347,3899,4503,5347,6375,7077,1000,1066,1300,1500,1200,134
0,60000,1,3,1,55,3,2,2,0,0,0,60521,61450,57244,28853,29510,26547,2504,7,1200,1200,1100,1500
0,30000,2,1,2,23,1,-2,-2,-2,-1,-1,4000,5645,3508,-27,13744,5906,5645,3508,27,13771,5911,3024
0,240000,1,1,2,41,1,-1,-1,0,0,-1,95,2622,3301,3164,360,1737,2622,3301,0,360,1737,924
0,420000,1,2,1,34,0,0,0,0,0,0,253454,247743,229049,220951,210606,188108,9744,9553,7603,7830,7253,11326
0,330000,1,3,1,46,0,0,0,0,0,0,227389,228719,229644,227587,227775,228203,8210,8095,8025,8175,8391,8200
0,30000,2,2,2,22,0,0,0,0,0,0,28452,26145,26712,25350,17603,-780,2000,1400,0,500,0,1560
0,240000,1,2,1,34,0,0,0,2,2,2,10674,12035,13681,13269,14158,13891,1500,1800,0,1000,0,327
0,150000,1,1,2,27,0,0,0,0,0,0,17444,19342,22000,24614,27200,30229,2500,3000,3000,3000,3500,5000
0,210000,2,2,1,33,0,0,0,0,0,0,7166,7997,8792,9189,4404,5708,1500,1500,1000,500,2000,546
1,50000,2,3,1,51,-1,-1,-1,-1,-2,-2,752,300,5880,0,0,0,300,5880,0,0,0,0
0,50000,1,1,2,24,0,0,0,0,0,0,50801,50143,49586,19430,19375,18995,2360,1700,1000,900,870,2130
1,240000,1,1,2,47,1,-2,-2,-2,-2,-2,0,0,0,0,0,0,0,0,0,0,0,0
0,180000,1,2,2,28,-1,-1,-1,-1,-1,-1,1832,0,832,332,416,416,0,416,332,500,3500,832
0,50000,1,2,2,23,1,2,2,2,0,0,10131,10833,20583,19996,19879,18065,1000,10000,400,700,800,600
0,170000,1,2,2,29,-2,-2,-2,-2,-2,-2,12159,10000,10000,10000,9983,15846,10000,10000,10000,9983,15863,10000
0,20000,1,1,2,29,-1,-1,-1,-1,0,-1,1199,15586,344,2340,6702,339,15586,344,2340,4702,339,330
0,50000,1,1,2,28,0,0,0,0,0,3,4999,5913,7315,9195,10624,10138,1000,1500,2000,1583,1100,0
1,170000,2,2,2,27,0,0,0,0,0,0,19269,20313,20852,17560,17918,9100,1661,1200,351,358,182,0
0,200000,1,1,2,34,1,2,0,0,0,0,197236,176192,93069,135668,132233,59875,8000,5000,55500,5000,5000,8500
0,80000,2,2,1,23,1,2,3,2,0,0,9168,10522,10205,9898,10123,12034,1650,0,0,379,2091,1
0,260000,2,1,1,60,1,-2,-1,-1,-1,-1,-1100,-1100,21400,0,969,869,0,22500,0,969,1000,0
0,140000,1,2,1,32,0,0,0,0,2,0,86627,78142,68336,64648,58319,55251,3455,3110,5000,0,2100,2602
0,80000,1,1,2,25,0,0,0,0,0,0,42444,55744,43476,41087,41951,31826,30000,3000,6000,8000,2000,14000
0,350000,1,1,2,41,1,-1,-1,-1,-1,-2,208,2906,1000,630,0,0,2906,1000,630,0,0,0
0,280000,2,2,1,56,0,0,0,0,0,0,208775,182350,132257,101783,177145,169311,8042,6700,5137,100000,7000,6321
0,30000,2,3,2,26,0,0,0,0,0,0,9014,10406,11427,11935,13084,14206,1700,1500,1000,1500,1500,1500
0,140000,1,1,1,34,0,0,0,0,0,0,23944,28049,32073,43129,47086,48699,5000,5000,11885,5000,3000,5504
0,200000,2,1,2,37,0,0,0,0,0,0,105420,102870,89643,90938,92505,94031,4000,3250,3250,3500,3560,5000
0,200000,2,3,2,30,0,0,0,0,0,0,196031,196143,189524,167163,146975,122324,7300,7108,7680,6200,5000,4500
1,210000,1,3,1,45,2,3,4,4,5,6,115785,122904,129847,137277,145533,154105,10478,10478,11078,11078,11678,10478
0,50000,1,3,1,57,3,2,0,0,0,0,12854,12362,13447,13427,13711,14083,0,1600,500,500,600,600
0,30000,1,1,2,41,2,2,2,2,2,0,24357,27453,26718,28168,27579,28321,3500,0,2200,0,1200,1250
0,50000,1,2,2,27,2,-1,-1,-1,-1,2,390,390,780,216,1080,540,390,780,216,864,0,390
0,290000,1,3,1,47,-1,-1,-1,-1,0,-1,1234,396,396,792,396,423,396,396,792,0,423,369
0,250000,2,1,1,34,0,0,2,0,0,0,141223,156858,151841,152803,155997,160220,17994,0,5469,5656,6811,3920
0,60000,2,2,1,46,0,0,0,0,0,0,21148,23803,24908,26034,26655,27756,3000,1500,1500,1000,1500,1500
0,110000,2,1,2,27,0,0,0,0,0,0,101640,104795,104855,74737,76058,77254,5500,3900,3000,2900,3000,2800
0,370000,1,1,2,50,-2,-2,-2,-2,-2,-2,6093,15130,8204,15398,4792,13453,15383,8204,15413,4792,13453,4699
0,100000,1,2,1,27,-1,2,2,0,0,0,102349,96847,58824,29336,22979,-246,3166,0,1330,1398,12,50000
0,90000,2,2,1,35,0,0,0,0,0,2,72112,73854,75526,77317,85852,88290,3500,3500,3652,10000,4000,0
0,50000,2,2,2,22,0,0,0,0,0,0,28040,29092,29366,27737,28318,28806,1510,1442,982,1017,1277,567
0,270000,1,2,2,37,0,0,0,0,0,0,37695,33397,30534,27598,26344,24641,5000,2000,3000,4000,3000,2000
0,300000,2,1,2,30,-1,-1,-1,-1,-1,-1,688,3280,0,4340,2672,800,3288,0,4340,2672,800,746
0,50000,2,2,2,22,-1,0,0,0,0,0,8567,15273,11650,7457,3115,7725,15000,1000,149,0,5000,10000
1,50000,2,1,2,24,1,-2,-2,-2,-2,-2,-709,-709,-709,-2898,-3272,-3272,0,0,0,0,0,0
0,360000,1,1,2,29,1,-2,-1,-1,-2,-2,0,0,77,0,0,0,0,77,0,0,0,0
1,130000,1,3,1,56,1,2,2,2,2,3,64617,65978,67282,68557,72796,71345,3000,3000,3000,5500,0,0
0,80000,1,1,2,30,-2,-1,0,0,0,0,6187,100,600,1438,1919,5380,504,500,1000,500,3500,0
0,50000,1,2,2,30,1,2,0,0,0,2,48860,47801,48363,30221,22877,22361,0,1500,1000,2000,0,2000
0,20000,2,2,2,22,0,0,0,0,0,0,16001,12622,13221,13130,14034,14906,1212,1201,500,1500,1500,1000
0,80000,2,2,1,29,0,0,2,0,0,0,77883,81811,80250,61467,10662,11486,5800,1000,600,400,1000,0
0,240000,1,1,2,37,-1,-1,2,0,0,-1,12212,26578,25331,26605,26279,1256,15000,0,2000,0,1256,65935
0,80000,2,3,2,35,0,-1,0,0,0,0,49608,12412,14873,17364,17770,17460,12500,6500,3000,2000,3000,2000
0,500000,2,1,1,47,0,0,0,0,0,0,56422,110616,110340,122967,108834,70064,70010,30357,30000,20000,52183,20000
1,60000,2,2,1,24,0,0,0,0,0,0,58024,57891,48839,18971,19323,19395,2500,1600,3000,1000,737,2000
0,20000,1,2,2,25,0,0,0,0,0,-1,10642,11677,13070,12280,1615,1620,1200,1593,601,135,1824,0
1,100000,2,2,1,38,1,2,0,0,2,0,14483,13961,15323,16268,15868,16448,0,1600,1500,0,1000,1500
0,360000,2,1,2,32,1,-1,-1,-1,-1,-1,2616,57077,5287,68445,13881,16240,57087,5295,68454,13889,16250,38313
1,200000,2,3,2,47,2,2,2,2,2,2,199436,202947,193936,196186,200162,189915,8214,7000,6800,7134,0,6836
0,130000,2,2,1,34,1,-1,0,0,0,0,0,5396,10270,13576,13864,14636,5396,5000,3500,501,1000,2000
0,20000,2,2,2,31,1,5,4,4,3,2,21703,21087,21461,20835,20219,20487,0,1000,0,0,760,0
0,310000,1,1,2,32,0,0,0,0,0,0,59901,62147,62102,65875,60387,43328,10020,6031,10057,5028,5060,4223
1,60000,2,1,2,27,2,0,0,0,2,0,19625,20347,21669,23005,22499,22873,1342,1664,2000,0,900,846
0,180000,2,1,2,29,-1,-1,-1,-2,-1,0,11386,199,0,0,17227,17042,199,0,0,17227,341,5114
0,180000,2,1,2,24,-1,-1,2,0,0,-2,14670,22087,21282,10200,0,0,37867,0,200,0,0,0
0,50000,1,2,1,36,0,0,0,0,-1,-1,47790,18114,18250,-14,72,658,2000,1000,2000,500,1000,20011
1,50000,2,1,2,24,1,2,2,2,2,2,36166,37188,37680,38462,39228,40035,1900,1400,1700,1532,1600,0
0,150000,2,2,1,34,-2,-2,-2,-2,-2,-2,0,0,0,116,0,1500,0,0,116,0,1500,0
0,20000,2,1,2,22,0,0,0,0,-1,0,18553,19446,19065,8332,18868,19247,1500,1032,541,20000,693,1000
0,500000,2,1,1,34,-2,-2,-2,-1,-1,-1,412,138,2299,1251,1206,1151,138,2299,1251,1206,1151,15816
1,30000,2,3,2,22,1,2,2,0,0,0,29010,29256,28122,29836,1630,0,1000,85,1714,104,0,0
0,180000,2,1,1,38,-2,-2,-2,-2,-2,-2,750,0,0,0,0,0,0,0,0,0,0,0
0,140000,1,1,2,31,0,0,2,0,0,2,27123,27299,17985,20225,27407,10833,25000,0,3000,7800,0,2500
0,140000,2,1,2,26,-1,0,-1,-1,-1,-1,13424,18000,13001,5818,13506,487,10000,13001,5841,13506,487,7004
0,120000,1,2,2,26,0,0,0,0,0,0,107314,110578,113736,116000,119131,122135,5000,5000,4152,5000,5000,5000
0,360000,2,2,1,48,0,0,0,0,0,0,226430,231878,234192,190211,173557,146511,9100,7300,5800,5600,5600,4100
0,20000,1,3,1,43,-1,-1,0,0,0,0,227,20351,20237,19339,19450,19337,22359,1305,1258,1459,3457,1700
0,100000,1,1,1,47,-1,-1,-1,-1,-1,-1,390,1473,390,390,390,0,1473,390,390,390,0,2380
1,210000,2,2,1,41,-1,-1,-1,-1,-1,-1,3088,1586,343,3763,877,0,1586,343,3763,877,0,419
1,80000,2,2,2,24,0,0,0,0,0,0,81625,81554,79599,49552,49509,49568,3200,3000,2038,2000,1800,1800
0,330000,2,1,1,50,-1,-1,-1,-1,-2,-2,8872,4337,2854,1690,0,1709,4345,2854,1702,0,1709,258
0,220000,1,1,2,24,0,0,0,-1,-1,-1,105607,108917,111520,8303,0,85632,5000,5050,8303,0,85632,0
1,210000,2,1,1,38,1,-2,-1,0,-1,-1,0,0,250,123,789,1222,0,250,0,789,1222,9616
0,40000,2,3,1,43,0,0,0,0,0,0,38257,38901,38103,36207,33138,31339,1700,1504,1200,1500,1500,1000
0,30000,1,2,2,39,0,0,0,2,0,0,28347,28108,18388,12992,7736,8032,3036,2309,0,1000,2000,148
0,470000,1,2,2,27,2,2,2,2,0,0,296573,303320,307843,479978,305145,309959,13000,11001,0,10484,10838,10367
0,30000,1,3,1,42,-1,-1,-1,-1,-1,2,390,390,390,240,1320,780,390,390,240,1470,0,0
1,240000,2,2,1,36,1,-2,-2,-2,-2,-2,-946,-946,-946,-946,-946,-946,0,0,0,0,0,0
0,80000,1,2,2,36,2,0,0,0,0,0,79278,78501,78534,80016,76235,78245,3100,3500,3400,3000,3500,3000
0,110000,2,3,0,31,0,0,0,0,0,0,89989,84229,79288,73315,63818,63208,4000,5000,3000,3000,3000,8954
0,310000,2,1,2,38,-1,-1,-1,-1,-2,-2,1424,4542,126,0,0,0,4542,126,0,0,0,0
1,360000,2,1,1,40,2,2,2,0,0,0,105167,115468,112157,114690,117845,120238,12000,0,5900,5000,4500,4700
0,330000,2,3,2,45,0,0,0,0,0,0,335196,334954,335527,333860,335760,330121,12388,12378,12116,12450,12213,11678
0,300000,2,2,2,35,0,0,0,0,0,0,291619,297268,205629,215827,208464,212508,12019,9006,17000,12000,9557,15000
0,320000,2,2,2,33,0,0,0,0,0,0,91653,94037,108597,65913,43805,33263,10042,18832,2117,2076,5045,3754
1,50000,2,3,2,37,1,3,2,0,0,0,52626,51537,49205,30394,30249,29957,0,24,1500,1000,1201,30592
0,170000,2,1,2,28,0,0,0,0,0,0,130370,131199,128900,125514,127280,128839,6530,4860,22500,4820,4877,4962
0,350000,1,3,1,44,-1,-1,-1,-1,-1,-2,3265,2686,1864,569,0,0,2686,1864,569,0,0,0
0,20000,1,2,1,37,0,0,0,0,0,0,16455,16511,18902,18768,18650,19175,1609,3000,663,676,834,782
1,50000,1,2,2,23,2,0,0,0,0,0,49758,48456,44116,21247,20066,18858,2401,2254,2004,704,707,1004
0,20000,2,3,2,24,1,2,0,0,0,0,19154,18165,17233,7630,1730,0,0,1333,500,100,0,3200
0,50000,2,1,2,24,0,0,0,0,0,0,35084,35796,30937,19420,10385,1308,2090,2002,1002,238,1011,389
1,20000,1,2,2,23,1,2,0,0,2,0,20235,17132,16856,16875,13454,10104,0,1200,1000,0,1000,10000
0,50000,1,2,1,26,0,0,-2,-1,-1,0,102800,0,0,2624,45567,46557,0,0,2624,45567,1747,2000
1,190000,1,2,2,34,2,0,0,0,2,2,129801,131383,134379,142323,140120,150052,5000,5000,10000,0,12118,2769
0,60000,2,2,1,33,0,0,0,0,0,0,58203,36367,20934,20694,20175,19421,1506,1298,1000,721,811,599
0,80000,1,1,2,35,-1,-1,-1,-1,-1,-1,7988,3977,6848,1719,1378,19942,3983,6853,1719,1378,19942,2418
0,150000,2,2,2,27,0,0,0,0,0,0,127402,110050,51547,44384,36900,29497,4500,1745,1566,1208,1077,2529
0,210000,2,1,2,31,-2,-2,-2,-2,-1,-1,1440,0,7422,893,6082,2293,0,7422,893,6082,2293,3299
1,240000,2,3,1,50,0,0,0,0,0,0,234205,231669,214642,207642,210375,214694,10116,9150,8008,8000,8009,7714
1,140000,2,2,3,41,0,0,0,0,0,0,19346,21708,22940,19068,16409,16383,3000,2000,2198,1000,3000,2399
0,60000,2,1,2,28,1,2,2,-2,-2,-1,21501,20650,0,0,0,2285,0,0,0,0,2285,0
0,50000,1,1,2,39,0,0,0,0,0,0,47174,47974,48630,50803,30789,15874,1800,2000,3000,2000,2000,2000
0,50000,2,2,2,27,0,0,0,0,0,0,26655,27724,28676,27990,28790,29399,1800,1750,900,1200,1200,1100
0,180000,2,1,2,32,-1,-1,2,2,-1,-1,3139,5853,2821,0,2821,0,2821,0,0,2821,0,176
0,30000,2,1,2,40,-1,-1,2,2,2,2,142,215,139,19,19,79,355,120,0,0,60,60
0,20000,2,2,2,40,0,0,0,0,0,-2,19816,20396,20102,19575,0,0,1601,2203,2114,0,0,0
0,250000,2,2,1,75,0,-1,-1,-1,-1,-1,52874,1631,1536,1010,5572,794,1631,1536,1010,5572,794,1184
0,100000,2,2,2,27,0,0,0,0,0,0,37767,34457,30036,30337,30997,32904,1788,1799,1100,1150,2423,0
0,330000,1,1,2,25,0,0,0,0,2,0,46140,45781,48139,51137,39450,25358,2504,4007,5056,74,1023,2566
0,50000,1,3,1,46,0,0,0,0,0,0,35713,15392,16099,16418,16765,17484,1561,1268,587,611,1000,2000
0,50000,2,2,2,26,1,2,2,0,0,0,50867,51486,48869,30115,29527,29998,1710,136,1206,2002,2005,3003
0,30000,1,2,2,28,0,0,0,0,0,0,29242,29507,29155,25255,22001,0,5006,1244,851,955,0,0
1,140000,2,2,2,26,0,0,0,0,0,0,101551,105246,104781,105334,107699,106828,5366,5087,3605,3894,3785,3304
0,160000,2,1,2,28,0,0,0,0,-1,0,70243,47779,28052,7222,99669,84426,7042,2000,1000,99669,12600,10000
0,400000,2,2,2,29,-1,0,-1,-1,-1,-1,19532,3719,1453,4944,1896,2486,3127,1469,4968,1905,2494,862
0,50000,1,2,1,25,0,0,0,0,0,0,27699,28513,29341,29928,29533,28538,1565,1393,980,994,1024,886
0,140000,2,2,1,48,0,-1,-1,-1,-1,-1,1154,1233,862,1355,1130,21361,1233,1075,1355,1130,21361,1347
0,160000,2,2,1,33,-1,-1,-1,-1,0,-1,8015,2453,9624,52572,7333,2210,2453,9880,52572,1546,2210,0
0,100000,2,3,1,43,0,0,-2,-2,-2,-2,62170,0,0,0,0,0,0,0,0,0,0,0
1,220000,1,1,1,48,2,0,0,0,0,0,210380,213522,201852,169115,172169,162402,10000,9020,6000,5500,6000,5500
0,510000,2,1,2,29,0,0,0,0,0,0,78331,99414,107686,103776,87265,36739,40010,20094,5000,5001,25365,65000
0,50000,1,2,2,29,0,0,0,0,0,0,49276,35100,32563,27823,29130,28309,1602,1400,3000,3130,1062,6318
0,160000,2,1,1,38,-1,-1,-1,-1,2,-1,4473,4664,5969,18941,16578,12652,4664,5969,18941,0,12652,1916
0,230000,2,1,2,37,-2,-2,-2,-2,-2,-2,2283,50815,0,0,299,338,51315,0,0,299,338,0
0,80000,2,1,2,37,-1,-1,-1,-1,-1,-1,10115,249,5986,188,1644,16872,258,5995,188,1644,16872,4000
0,150000,2,2,1,25,-1,-1,-2,-1,-1,-1,6156,0,0,316,316,316,0,0,316,316,316,316
0,10000,1,3,2,23,0,0,0,0,0,2,6974,7838,9002,9182,9729,9411,1134,1298,478,847,0,175
1,130000,2,3,2,49,0,0,0,0,0,0,89003,91362,72197,49654,28065,27500,4100,3095,1630,561,600,0
0,40000,2,1,2,48,0,0,0,0,0,0,34871,34449,33634,34586,34762,35673,1600,1600,1500,1500,1500,1500
1,50000,1,2,2,27,3,2,2,0,0,-1,13694,14880,14242,13968,14319,2614,1700,0,426,501,2614,1390
0,100000,1,3,2,32,0,0,0,0,0,0,70003,31545,20974,19713,19848,18126,2035,2004,616,2007,1009,2015
0,120000,1,1,1,34,-1,2,-1,0,0,0,1082,632,1350,900,450,0,0,1350,0,0,0,450
1,260000,2,1,2,58,1,-2,-2,-2,-2,-2,0,0,0,0,0,0,0,0,0,0,0,0
0,200000,2,2,2,33,0,0,0,0,0,0,11253,12852,14024,14512,16325,11905,2000,1322,2000,2000,1200,3000
1,360000,2,2,2,28,-2,-2,-2,-2,-2,-2,0,0,0,0,0,0,0,0,0,0,0,0
0,70000,2,2,2,36,0,0,0,0,0,0,68699,69120,68376,30163,14310,15085,4483,12496,3268,3000,3000,2000
1,460000,1,1,1,40,2,-1,-1,-1,-1,-1,171,2715,-13,2641,-10,22535,2728,0,2654,0,22545,0
0,50000,2,1,2,26,-1,-1,-1,-1,-1,-1,1156,316,316,316,316,316,316,316,316,316,316,316
0,50000,1,3,1,33,0,0,0,0,0,0,50859,50462,50654,20046,20067,19703,2007,2199,691,707,703,697
0,250000,2,2,1,31,0,0,0,0,0,0,103109,102594,97109,99029,100871,101299,4000,4500,5000,4000,5000,4400
0,30000,2,1,2,27,0,0,-1,0,0,-2,1512,2458,664,1814,0,0,1000,664,1500,0,0,0
0,270000,1,2,1,44,0,0,0,0,-1,-1,127543,109189,92630,69669,44149,43414,10063,5162,10150,44299,43509,31031
0,180000,2,3,2,30,0,0,0,0,0,0,163935,153152,147032,122196,103692,70204,7722,6091,3563,3605,3000,3211
0,100000,2,1,2,28,0,0,0,0,0,0,53494,52656,52600,52336,55831,56265,4173,3000,2025,5000,3000,3000
0,230000,2,3,1,32,0,0,0,0,0,0,195126,88743,92195,94814,98182,98457,5000,5000,5000,5000,4000,5000
0,210000,2,1,1,46,-1,-1,-1,-1,-1,-1,110346,41986,21874,20076,16171,586,41986,21874,20076,16171,586,19777
0,210000,1,1,2,38,2,0,0,0,0,0,60502,62804,62769,62683,63663,46549,3276,2026,2000,2000,2000,2502
0,440000,2,2,1,46,0,0,0,0,0,0,180641,181557,149944,113135,105280,97622,8610,6907,3727,3800,4001,2701
1,100000,2,2,2,25,2,0,0,0,0,0,70896,71678,70125,69856,69718,51365,3472,2092,2000,2127,1960,1559
0,240000,2,2,1,46,0,0,0,0,0,0,8751,9900,10605,10765,11765,4311,1295,1000,1000,1000,1000,1000
1,280000,1,1,2,33,-1,-1,-1,-1,-1,-1,898,898,325,898,325,-339603,898,325,898,325,0,345293
1,50000,2,2,2,22,1,-2,-2,-2,-2,-2,0,0,0,0,0,0,0,0,0,0,0,0
0,30000,1,2,1,43,3,2,2,2,2,2,1700,2610,1914,2182,2000,2566,1100,0,300,0,600,0
1,10000,1,2,2,27,0,0,2,0,0,0,7015,10227,9560,9901,9963,10182,3507,0,500,370,393,700
0,130000,1,1,2,29,1,-2,-2,-2,-2,-2,0,0,0,0,0,0,0,0,0,0,0,1500
0,200000,1,1,2,31,0,0,0,0,0,0,194353,197344,186292,133345,133634,133990,9000,7465,4715,4804,5141,5300
0,120000,2,2,1,29,-1,-1,-1,-1,-1,-1,1686,657,2179,1423,0,1820,657,2319,1423,0,1820,2496
0,210000,2,2,1,36,0,0,0,0,0,0,143225,142996,144415,148190,147993,131629,6483,5082,6000,5900,4544,4700
0,280000,2,1,1,36,0,0,0,0,0,0,58983,60788,63225,29701,30172,30771,2755,3463,1300,1100,1100,2000
1,300000,1,1,2,34,1,-2,-1,0,-1,-1,0,0,13001,12601,19595,203,0,13001,0,19595,203,0
0,100000,1,2,2,37,0,0,0,0,0,0,99209,98222,67185,66926,66796,64513,3490,2332,2314,2365,2497,2305
0,440000,2,1,2,36,-2,-2,-2,-2,-2,-2,0,0,0,0,0,0,0,0,0,0,162000,0
0,50000,2,3,1,40,0,0,0,0,0,0,49941,51213,12104,12898,13687,14458,2400,1206,1000,1000,1000,1000
1,20000,2,1,2,25,0,0,2,0,0,0,11968,14564,27820,15824,15761,12510,2800,0,4000,1700,1000,2000
0,200000,2,1,2,27,-1,-1,-1,0,0,0,871,665,960,4242,4084,7414,665,960,3908,1014,3500,2880
0,110000,2,2,2,26,-2,-2,-2,-2,-2,-2,432,3220,5704,1256,1848,400,3220,5904,0,3000,0,0
0,500000,2,2,1,36,-1,-1,-1,-1,-1,-1,10483,23956,0,8500,4590,0,23962,0,8500,4590,0,0
0,300000,2,2,1,27,1,-1,-1,-2,-2,-2,0,5215,0,0,0,0,5215,0,0,0,0,0
1,30000,1,3,1,55,2,2,2,3,3,4,9720,10613,11339,12841,13836,14514,1200,1200,2000,1500,1500,1500
0,60000,2,1,2,27,-1,-1,-1,-1,-1,-1,20847,13801,14366,4889,273,11736,13809,14583,4889,273,13557,0
0,400000,2,2,1,38,-1,0,-1,-1,0,-1,3697,3600,1354,5322,5103,2077,1000,1354,5322,6,2386,9085
0,180000,2,2,1,34,0,0,0,0,0,0,143301,146333,147042,127814,130331,132845,7000,5000,5000,4900,5000,5100
0,20000,1,1,2,40,0,0,0,2,0,0,10934,13738,16567,10411,13057,14340,3000,3100,0,3000,1500,0
1,200000,2,3,1,49,-1,2,2,2,0,0,52439,51040,56205,54723,58657,59983,0,6000,0,5000,2286,3000
0,100000,1,1,2,27,0,0,0,0,0,0,55734,52557,33415,28776,17580,6441,1631,1286,200,645,909,200
1,60000,1,2,2,23,0,0,0,0,0,0,49507,33282,34312,17277,17808,19346,1970,2000,618,809,2000,616
0,110000,2,2,2,36,0,0,0,0,0,0,47819,48947,50330,50894,52175,53652,2200,2500,2000,2100,2500,2200
0,260000,2,3,1,53,1,-1,-1,-2,-2,-1,0,165,526,452,397,485,165,526,452,397,485,459
0,50000,2,3,1,46,3,2,2,0,0,0,48522,50955,29516,29742,29898,24883,3754,1,1070,1030,863,654
0,180000,1,2,2,29,1,-2,-2,-2,-2,-2,-2,-2,-2,-2,-2,-2,0,0,0,0,0,0
1,110000,1,2,2,29,1,2,2,0,0,0,58362,56598,51908,48647,47862,47969,2500,0,2000,2000,1854,2000
0,340000,2,1,2,27,0,0,0,0,0,0,172180,180140,166281,155628,145645,103263,21105,5461,5000,5849,2732,50000
0,50000,1,2,2,24,-1,0,0,0,0,0,1399,2441,3865,7476,8384,8085,1070,1500,3666,2477,1306,1000
1,230000,2,2,1,28,0,0,0,-2,-1,-1,26361,18826,1100,2100,767,6173,1710,1100,1000,767,6173,1000
0,360000,2,2,2,32,0,0,0,0,0,0,93029,94054,91834,95631,100123,100738,10000,7000,10000,10000,10000,10000
0,210000,1,2,2,43,1,-2,-1,0,0,0,0,0,38013,40555,45075,37056,0,38013,3000,5000,3000,3000
1,220000,2,2,1,41,-1,2,2,-1,2,-1,650,650,325,950,475,325,325,0,950,0,325,325
1,60000,2,2,1,34,2,2,2,2,2,0,24898,27976,27233,30184,29566,30225,3800,0,3720,0,1300,1291
0,340000,1,2,1,55,-2,-1,-1,-2,-2,-2,50396,44665,8300,2190,24599,7416,44665,8321,2190,24599,7416,77195
0,150000,1,1,1,40,2,2,2,2,2,2,99855,102586,100064,104975,107147,109428,5200,0,8100,4000,4200,4200
1,200000,2,2,1,37,1,-1,2,-1,-1,-1,-179,505,189,6773,23209,16893,1000,0,6900,24000,17000,2500
1,130000,2,2,2,40,0,0,2,0,0,0,9559,12394,11883,9826,10167,12685,3000,0,500,500,2700,500
0,60000,2,1,2,28,1,2,0,0,0,0,10540,10232,11237,11427,20973,31857,0,1483,673,10000,11540,7000
0,400000,2,2,1,43,1,-2,-2,-2,-1,-1,0,0,0,0,1600,78388,0,0,0,1600,78388,0
0,20000,1,1,2,27,0,0,0,0,0,0,20571,19089,19658,19453,19108,18868,1323,1600,830,700,674,376
0,190000,2,1,2,28,0,0,0,0,0,0,143464,146943,151905,153538,156664,160361,5795,7408,5645,5753,6370,5865
0,260000,2,1,2,30,0,0,0,0,0,0,156882,160246,159988,158114,158762,159108,10000,8000,6000,7000,7000,6000
0,140000,2,2,2,31,-2,-2,-2,-2,-2,-2,390,0,0,0,0,0,0,0,0,0,0,0
1,50000,2,2,1,31,0,0,0,0,0,0,46512,47716,49675,30929,30078,29170,1974,4406,1061,1073,1046,1047
0,120000,2,1,2,34,-1,-1,0,-1,-1,-1,882,6531,6313,1100,1330,830,6900,5037,1100,1330,3800,2037
0,240000,2,2,2,30,-2,-2,-2,-2,-2,-2,92,92,92,0,92,0,92,92,0,92,0,1883
0,50000,1,2,2,36,0,0,0,0,-1,0,5916,6172,4123,680,978,978,1212,1200,0,978,0,0
0,200000,2,1,2,29,-1,2,-1,-1,-1,2,2393,183,4847,20183,24815,24248,0,4872,20183,5000,0,1000
0,180000,1,1,1,39,0,0,-1,0,0,-1,274731,281713,242063,122295,-1005,1005,11000,145000,26000,0,101005,1898
0,180000,2,1,2,26,0,0,0,0,0,0,145403,138232,130553,105894,108248,106517,5440,5051,3835,4106,4250,4028
0,160000,2,1,2,29,-1,-1,-2,-1,0,0,3097,-707,-2697,2303,6182,1654,0,0,5000,5000,1500,13000
0,100000,2,2,2,26,-1,-1,-1,0,0,0,1370,4192,4159,3542,1980,3980,4210,4159,1000,1080,2000,1525
1,50000,2,2,2,29,0,0,0,0,0,0,47081,49316,50409,45545,39963,41145,3000,2000,2000,2000,2000,2000
0,140000,2,2,2,31,0,0,0,0,0,0,138119,137950,140254,139679,141748,142174,6600,6500,5100,5300,6000,5000
1,30000,2,2,2,26,0,0,0,0,0,0,17893,19012,20123,20222,20796,19844,1411,1522,621,795,715,1000
0,90000,1,1,2,26,0,0,-1,0,0,-1,39128,20473,1940,1940,0,23101,1541,4200,0,0,23101,3000
0,200000,1,1,1,36,1,-2,-1,-1,-2,-1,-14386,-13543,3432,-3684,0,1386,10118,47015,0,4000,100000,10000
1,380000,1,1,2,30,1,-2,-2,-2,-2,-2,0,0,0,0,0,0,0,0,0,0,0,0
0,80000,2,2,2,43,0,0,0,0,0,0,77057,78102,58501,51042,19036,19414,3177,2600,3000,1691,695,882
0,50000,1,3,1,58,2,2,2,0,0,2,15899,18720,18122,18530,19089,18856,3400,0,1000,1001,634,638
1,180000,1,2,1,45,-1,0,0,0,0,0,27679,28422,29650,29981,30419,31127,1481,2000,1100,1200,1500,1500
0,240000,2,2,2,26,0,0,0,0,0,0,141315,128940,124226,113133,113966,103360,6349,5834,3870,4000,3825,3520
0,380000,1,2,2,34,0,0,0,0,0,0,194314,179206,193992,174675,171253,169121,9010,35000,5000,6000,5000,4400
0,110000,2,4,2,24,0,0,0,0,0,0,83755,77431,79044,80631,82333,84462,3000,2900,2900,3000,3500,4000
0,260000,1,1,1,34,-1,-1,-1,-1,-1,-1,49657,291,51058,2351,34039,291,291,51058,35696,34039,291,291
1,500000,2,2,2,23,4,3,2,0,0,0,507726,509229,499936,505507,484612,419643,10000,0,14000,16500,16000,19000
0,320000,2,2,2,30,0,0,0,0,0,0,71305,71151,72029,72849,74374,74610,2589,2568,2570,2661,2781,2500
0,50000,1,2,2,32,4,3,2,0,0,0,45734,44741,43562,44039,45008,25775,0,0,1262,1358,1275,1590
1,110000,1,1,1,40,1,-2,-1,0,-1,-1,0,0,2066,2000,216,216,0,2066,0,216,216,66
0,230000,2,1,2,35,-2,-2,-2,-2,-2,-2,761,300,399,665,576,613,300,399,665,576,613,520
0,330000,2,2,1,56,1,-1,-1,-2,-1,-1,-9,1520,1488,0,3965,8676,1529,1507,0,3965,8676,384
0,50000,2,2,1,61,0,0,0,0,0,0,47166,49396,50476,23319,23171,24774,3000,2237,975,1000,2000,1039
0,10000,1,2,2,24,-1,2,2,2,0,0,2887,1923,2989,2813,2008,2132,0,1500,0,0,150,0
0,300000,1,1,1,40,1,-2,-2,-2,-2,-2,0,0,0,0,0,0,0,0,0,0,0,0
1,20000,2,2,1,32,3,2,0,0,0,0,20631,20010,19703,11084,10918,10985,0,1168,384,390,632,616
1,180000,1,2,1,36,2,2,-2,-2,-2,-2,83538,0,0,0,0,0,0,0,0,0,0,0
0,160000,1,1,2,30,-1,-1,-1,-1,-1,-1,99,2977,15086,8578,13028,21712,2977,15086,9123,13028,29712,50000
0,90000,2,1,2,34,0,0,0,2,2,2,34302,35089,43449,42451,49718,48767,1640,9000,0,8000,0,2000
0,30000,1,3,3,54,0,0,0,0,0,0,22987,22298,22352,23221,24339,25943,2500,2000,1500,4000,2000,0
0,180000,1,1,1,46,0,0,0,0,0,0,173267,174590,175233,106288,28089,178719,8100,5299,3305,5040,160719,7000
0,30000,1,3,1,58,0,0,0,0,0,0,19143,20168,21229,21495,21800,22437,1640,1700,915,800,1000,1961
0,30000,1,2,1,43,1,2,0,0,0,2,20518,19901,20905,21509,25183,24242,0,1342,946,4200,0,1000
0,140000,2,1,2,28,-1,0,0,-1,-1,-1,10833,14446,7609,4991,3400,3745,14000,3855,4991,3600,5500,4000
0,210000,1,1,2,30,0,0,0,0,0,0,69937,71906,43308,44584,47842,49888,3500,3000,2000,4000,3000,10000
1,50000,1,2,2,31,0,0,0,0,0,0,20526,15129,15093,9577,11139,12487,2000,3000,327,3000,3000,5000
0,130000,2,2,2,29,0,0,0,0,0,0,89055,90780,70947,72367,73875,75355,4200,2575,2600,2674,2701,5750
1,50000,2,2,1,37,2,2,2,0,0,0,1894,3200,3381,3559,1948,2415,1500,400,200,500,500,400
0,140000,1,3,1,36,0,0,0,0,0,0,100594,78372,91502,90859,88616,88450,3000,30000,4000,4000,3400,3300
1,170000,2,2,2,28,-1,0,0,2,0,0,2948,3848,5646,5464,5577,5889,1105,1903,0,296,500,95
0,80000,1,2,2,25,0,0,0,0,0,-2,22619,31429,27923,25280,0,0,10010,1209,579,0,0,6305
0,410000,2,5,1,42,0,0,0,0,0,0,338106,342904,344464,240865,234939,240176,15000,14000,9000,8500,9000,8300
0,80000,2,1,2,29,1,-1,-1,-2,-2,-2,0,80000,0,0,0,0,80000,0,0,0,0,0
1,80000,1,3,1,73,-1,0,0,2,2,2,63144,65631,68875,70646,72870,75018,3500,4330,3500,3500,3500,5100
0,150000,1,2,1,43,0,0,0,0,0,0,153249,154049,156523,159653,162866,157759,7900,6500,5700,5700,5700,5334
1,260000,1,1,1,30,-1,-1,-1,0,0,-1,1131,291,582,291,0,291,291,582,0,0,130291,651
0,350000,1,1,1,38,1,-2,-2,-2,-2,-2,0,0,0,0,0,0,0,0,0,0,0,0
1,280000,2,2,1,39,1,-1,0,0,0,0,-1312,35918,37297,37154,32581,33316,38621,2000,1130,922,1011,5000
0,310000,1,2,1,44,0,0,0,0,0,0,103797,91989,87720,76218,72090,71620,4400,4013,3011,3000,3001,2653
0,140000,2,2,2,29,0,0,0,0,0,0,20110,17102,18862,19996,21214,21085,3000,3000,3000,3500,2000,2000
0,360000,1,1,1,51,-1,-1,-1,-2,-2,-2,38000,25000,0,0,0,0,25000,0,0,0,0,0
0,140000,2,1,2,27,0,0,0,0,0,0,142428,144105,143952,142590,142650,142620,10000,10000,6000,6000,6000,5600
0,100000,1,1,2,38,0,0,0,0,0,0,40810,42653,42351,43011,43011,28947,2502,1200,860,0,579,0
0,50000,2,2,2,22,-2,-2,-2,-2,-2,-2,0,0,0,848,0,632,0,0,848,0,632,0
0,210000,2,2,1,30,0,0,0,0,0,0,104701,106134,108423,91143,82733,74125,4002,5000,3500,3000,2700,5000
0,120000,2,2,2,25,2,2,2,2,2,2,120298,120822,109887,116313,119311,117167,4007,0,8272,5000,0,4400
0,240000,1,1,2,29,0,0,0,0,0,-1,156362,132280,99174,65372,28797,184922,5233,3289,2072,3018,184922,6100
0,60000,2,3,3,42,0,0,0,0,0,0,41322,29091,28097,28665,28768,29064,1488,1394,962,1500,2541,2000
1,150000,1,1,2,41,-1,-1,-1,-1,-1,2,1464,2084,384,0,2344,822,2091,384,0,2344,0,472
0,30000,1,2,1,48,0,0,0,0,0,0,27879,28870,27806,25142,25667,26179,1774,1710,1046,1079,1089,2244
1,160000,2,1,2,29,2,2,2,2,2,2,160432,163916,159676,166893,170098,153800,7500,0,11558,5800,0,5654
0,200000,1,1,1,52,-2,-2,-2,-2,-2,-2,3858,2690,3410,0,0,82150,2690,3487,0,0,85900,396
0,120000,2,2,1,25,0,0,0,-2,-2,-2,26476,21393,0,0,0,0,6000,0,0,0,0,0
0,500000,1,1,1,37,1,2,0,0,0,0,507062,491956,430637,376657,356636,303510,325,15296,12137,12312,14113,10526
0,320000,2,1,2,27,0,0,0,0,0,0,55607,62893,59001,61565,59508,66541,11404,8232,10450,9697,16477,11341
0,280000,1,1,2,31,0,0,0,0,0,0,168382,175646,180650,182672,168399,167983,10000,8000,6371,6217,5947,6288
1,60000,2,1,2,23,1,2,2,2,2,2,29332,28577,30805,31601,32349,32965,0,2709,1600,1400,1300,1200
0,200000,2,1,1,38,-1,-1,-2,-1,-1,-2,190,0,0,367,-150,-150,0,0,367,150,0,0
0,230000,2,1,1,32,1,-2,-1,-1,-1,-1,0,0,2809,4595,792,3404,0,2809,4606,792,3404,0
1,230000,2,2,2,27,1,2,0,0,0,0,13668,12647,13135,10596,9218,5068,0,1064,423,313,1000,4641
0,480000,2,3,1,41,-2,-2,-2,-2,-2,-2,14867,26665,199960,9033,19371,22593,26734,199982,9033,19371,22593,2000
0,50000,2,3,1,35,-1,-1,-1,-2,-2,-2,22500,5000,0,0,0,0,5000,0,0,0,0,640
0,200000,2,1,2,31,-2,-2,-2,-2,-2,-2,7184,14845,1097,0,0,160,17507,1102,0,0,160,1103
0,50000,2,1,2,30,0,0,0,0,0,2,14811,16262,17286,17895,19450,18990,2000,1600,1200,2000,0,1000
0,50000,1,2,1,48,0,0,0,0,0,0,44338,43048,35639,18753,19091,19548,3629,3332,2000,2000,2000,2500
1,260000,2,1,2,36,1,-2,-2,-2,-2,-2,0,0,0,0,0,0,0,0,0,0,0,0
0,30000,1,1,2,24,2,0,0,0,0,2,25265,26354,27710,27959,30002,29371,1500,1800,1007,2500,0,1800
0,440000,2,1,2,29,0,0,0,0,0,0,169661,167199,158520,156977,157963,151936,8071,9021,7013,6013,6028,6010
0,230000,2,2,2,38,-1,-1,-1,-1,-1,-1,10237,2795,1350,371,2980,0,2795,1350,371,2980,0,2213
1,200000,1,2,1,38,2,2,2,0,0,0,104978,105924,102663,97090,98045,105253,4500,0,3500,3500,9000,0
0,490000,2,2,1,30,0,0,0,0,0,0,192586,197967,201666,205798,196698,190306,10000,7143,7306,6303,6429,6000
0,80000,2,2,1,32,-1,-1,-2,-2,-2,-2,11262,0,0,0,0,0,0,0,0,0,0,0
1,20000,2,3,2,49,2,2,2,2,0,0,9551,12081,13087,12583,15327,16414,3000,1500,0,3123,1500,1000
1,170000,2,1,2,31,-1,-1,-1,-1,0,-1,199,199,199,398,199,199,199,199,398,0,199,398
0,70000,1,1,2,27,0,0,0,0,0,0,70119,68536,66601,29401,28949,29795,3600,1646,600,28468,1327,1000
0,210000,2,2,2,33,0,0,0,0,0,0,212601,177946,119362,117766,68791,66167,6000,4500,5000,3000,3000,3000
0,90000,2,2,2,25,0,0,0,0,0,0,91894,71732,73241,74424,76070,77648,3200,3300,3000,3001,3000,3100
1,390000,2,1,2,27,0,0,0,0,0,0,304867,299998,300426,292869,292885,281826,13007,10612,10041,11000,10512,7000
0,110000,2,1,2,29,0,0,0,0,0,0,48123,49537,50422,50990,52014,53206,2500,2500,2000,2000,2057,2500
0,580000,2,1,1,36,0,0,0,0,0,0,159760,162189,166127,169365,168755,167964,6422,6565,5951,6006,5894,5946
0,360000,1,3,1,55,0,0,-1,-1,-1,-2,9210,8485,17231,1770,0,0,6015,17454,1775,0,0,0
1,270000,2,2,1,32,1,2,2,2,2,2,234752,233036,229286,217644,223690,221413,10000,8000,0,16000,8000,0
0,60000,2,1,2,27,-1,-1,-2,-1,2,-1,14072,0,0,300,150,150,0,0,300,0,150,200
0,110000,1,3,1,37,0,0,0,0,0,0,61807,62499,62162,60605,60272,60145,2300,2200,2300,2200,2300,2300
0,50000,2,1,1,25,0,0,0,0,0,0,51044,50231,46677,44982,21399,20859,2500,3008,1000,761,800,704
1,80000,2,1,2,23,0,0,0,0,0,0,77024,73281,57806,37642,46235,47110,3212,1600,956,40000,1800,1700
0,50000,1,2,2,23,-1,-1,-1,-1,0,0,350,350,400,1695,12645,12584,350,400,1695,11300,485,2400
0,100000,1,1,2,32,0,0,0,0,2,2,83831,85586,87289,91451,93381,89522,4000,4037,6500,3500,0,3200
0,30000,2,1,2,26,1,-2,-1,-1,-1,-1,0,0,945,0,197,2995,0,945,0,197,2995,0
0,200000,2,1,2,27,0,0,0,0,0,0,122923,124653,126355,114881,117213,124793,5704,5930,4000,4003,10033,4400
1,240000,1,1,2,44,0,0,0,0,0,0,246135,231443,234557,200643,194410,198857,12026,9010,7400,8000,8000,7000
0,220000,1,2,2,34,0,0,0,0,0,0,37304,33304,29254,24875,20329,15602,1600,1500,1100,1000,600,500
0,160000,2,1,2,28,0,0,0,0,0,0,146433,107604,89902,90983,82255,83988,4500,4400,3000,2400,2500,2500
0,180000,2,1,1,53,-1,-1,-1,0,0,-1,46122,1260,29366,5400,0,1599,1260,29366,54,0,1599,0
0,200000,1,4,1,42,0,0,0,0,0,0,38564,38246,32253,30384,30900,0,5000,1485,1956,1500,0,2102
0,140000,2,3,1,30,0,0,0,2,0,0,96304,98007,82227,65000,60848,58880,4505,12906,0,2210,2300,5200
1,380000,1,1,1,51,1,-2,-2,-2,-2,-2,0,0,0,0,0,0,0,0,0,0,0,0
1,600000,1,1,1,53,2,2,0,0,0,0,467150,458862,469703,447130,440982,434715,0,18000,16000,16000,21000,20000
0,260000,1,2,2,37,0,0,0,-1,0,0,255691,262736,36638,122388,127402,131074,14000,5022,130000,7000,6000,6000
0,200000,2,1,2,26,0,0,-2,-2,-2,-2,156786,179,1443,1443,1443,871,179,1443,1443,1443,871,2015
0,80000,1,2,2,42,0,0,0,0,0,0,78129,28202,78553,49340,48919,48443,2500,51432,1800,1800,1800,1700
0,40000,1,2,2,39,0,0,0,0,0,-1,40034,36549,17431,15031,10600,5315,2027,1207,301,212,5315,4987
0,130000,1,3,2,39,1,2,2,2,2,2,71034,69329,74175,72383,77217,75820,0,6000,0,6000,0,6000
0,50000,1,1,2,32,-1,0,0,0,0,-2,23974,24131,25326,25775,0,0,1800,1900,1300,0,0,0
0,230000,2,2,1,41,-1,-1,-1,-1,-1,-1,819,18163,5473,8162,6985,9130,18163,5654,12887,6985,9130,6554
1,70000,1,2,1,48,0,0,0,0,0,-1,50927,39883,32017,17630,9730,6400,2100,1217,500,0,6400,4590
0,180000,2,2,1,38,0,0,0,0,0,0,152510,151651,159019,123022,126075,126219,5657,10372,5000,5000,5000,5000
0,80000,2,2,1,36,-1,-1,-1,-1,-1,-1,1689,8638,5702,2980,1260,7868,8638,5723,2980,1260,7868,2198
0,290000,2,2,2,26,0,0,0,-1,-1,0,20807,99860,100000,3015,23473,1448,80000,3000,3015,23473,1148,4900
0,230000,2,1,2,28,0,0,0,0,0,0,30141,131255,110503,99283,97599,96116,120093,8034,3013,4010,5882,3000
0,170000,2,3,3,56,1,-2,-1,-1,-2,-1,0,0,1991,0,0,150,0,1991,0,0,150,614
1,230000,1,1,1,59,-1,0,0,0,0,0,208459,206331,203813,201331,198999,191671,7536,7277,7100,7120,6844,6945
1,220000,1,1,2,38,0,0,0,0,0,0,212795,211043,212759,218541,167743,165300,8909,7500,9000,6729,6000,7009
0,230000,1,2,2,32,0,0,0,0,0,0,28114,28006,25000,22046,19860,19831,1610,1224,655,627,620,500
0,500000,1,2,1,38,0,0,0,-1,0,0,59372,49677,49515,42568,48268,51481,10026,7241,50091,25000,5078,2132
0,90000,2,1,1,41,-1,-1,-1,-1,-1,-1,6160,3274,6190,307,2870,670,3276,6246,307,2870,670,1362
1,390000,2,3,2,35,0,0,0,0,0,0,355215,363325,373181,252195,257496,263018,13802,16525,8893,9229,10000,9435
0,400000,2,2,2,41,0,0,0,0,0,0,366193,372700,375948,195991,152127,155182,14020,13595,6243,6007,6061,6012
0,180000,1,2,1,34,-1,-1,-1,-1,-1,-1,2927,2790,1140,2144,1180,1382,2790,1140,2144,1180,1382,2440
0,60000,1,3,1,38,1,2,2,0,0,2,29295,30321,31018,32193,34213,35002,1800,1500,2000,2700,1500,0
0,120000,2,2,1,32,-1,-1,-1,-1,-1,-1,4158,2682,0,6440,0,5930,2682,0,6440,0,5930,5120
0,60000,2,2,2,29,0,0,0,0,0,0,27199,28358,28937,29614,30391,23159,1900,1400,1000,1100,1000,420
0,50000,1,1,2,44,0,0,0,0,0,0,50893,28527,29241,28513,29106,29638,1800,1500,1200,1203,1166,1000
0,70000,2,2,1,37,0,0,0,2,0,0,66759,68200,72972,71248,50610,50809,2518,5950,0,1782,1985,2700
0,500000,2,1,1,38,-1,2,-1,-1,-1,0,600,300,501,300,600,450,0,501,300,600,300,600
0,200000,1,1,2,31,-2,-2,-2,-2,-2,-2,0,0,0,0,0,0,0,0,0,0,0,0
0,250000,2,2,1,40,0,0,0,0,-1,2,44930,137101,90801,0,1069,919,120041,4435,0,1069,0,67619
1,140000,1,2,2,26,0,0,2,2,2,2,131367,146193,140202,144035,140419,130271,17000,0,11400,550,5300,5400
0,70000,2,2,2,28,0,0,0,0,-1,2,41264,41799,37887,37876,6736,4162,2112,1200,758,6736,0,0
0,90000,1,3,1,48,1,2,2,2,2,2,77604,73317,71334,67009,63228,59378,1700,4000,1600,1600,1500,4086
0,100000,2,2,1,43,-1,-1,-1,-1,-1,-1,2491,1709,574,556,2306,2562,1709,574,556,2306,2562,2111
0,190000,1,2,1,31,0,0,0,0,0,0,177554,180633,172914,130139,115494,117465,7600,6303,4137,3502,4027,3517
0,230000,2,1,1,42,-1,-1,-1,-1,-1,-1,6865,15111,13165,0,10500,6992,15111,13165,0,10500,6992,0
0,320000,1,2,1,39,0,0,0,0,0,0,93768,91523,91579,91193,92837,95323,3317,3506,4218,5000,6080,938
1,220000,2,2,1,36,-1,-1,-1,0,-1,-1,396,1648,792,396,396,396,1648,792,0,396,396,792
0,260000,2,1,1,34,-1,-1,-1,-1,-1,-1,16426,6088,4663,3885,4414,2514,6277,4663,4140,4414,2646,7725
0,90000,2,2,2,32,-2,-2,-2,-2,-2,-2,573,0,0,0,0,0,157,0,0,0,0,0
0,30000,2,2,1,43,2,2,2,2,2,0,28703,26622,24022,24368,20859,19633,1300,2,1608,0,900,800
0,260000,1,2,2,30,0,0,0,2,0,0,98560,100980,222102,108724,68500,69174,4000,11900,207,2003,2003,2003
0,170000,2,2,2,28,0,0,-1,-1,-2,-2,28304,17616,308,0,0,0,4000,308,0,0,0,0
1,80000,2,1,1,28,0,0,0,0,0,0,8574,9434,10038,10040,10400,10490,1203,1047,248,408,294,276
0,50000,1,1,1,41,-1,-1,-1,-1,-1,-1,508,672,226,390,220,320,1000,390,1000,220,640,1000
0,200000,2,3,2,47,0,0,0,0,0,0,203183,202961,194449,196814,200526,198717,7521,7000,7000,7128,8000,7100
0,20000,1,2,2,23,0,0,2,0,0,0,16440,20417,18333,18848,30190,19664,7403,0,820,1025,1113,104
0,250000,2,1,1,49,-1,-1,-2,-1,-1,-1,66,0,0,120,-6,1639,0,0,120,6,1645,0
0,20000,1,1,1,38,0,0,0,2,2,0,15912,17272,20565,20705,20255,19933,1623,3916,750,0,800,850
0,30000,2,2,1,38,0,0,0,0,2,2,20344,21705,22537,24161,25128,24576,2000,1500,2000,1500,0,1200
0,90000,2,2,1,35,1,2,2,2,2,2,23132,22474,28067,27320,31199,30548,0,6000,0,4500,0,2000
0,230000,2,6,2,46,0,0,0,0,0,0,221590,227397,230302,186635,189896,193351,10000,9000,8000,8000,7500,7000
1,130000,2,1,1,33,0,0,0,0,0,0,19161,20544,22704,22304,22304,0,2000,3000,0,0,0,0
0,30000,1,6,1,53,-2,-2,-2,-2,-2,-2,0,0,0,0,0,0,0,0,0,0,0,0
0,160000,1,1,2,35,-1,-1,-1,-1,-1,-1,396,396,396,0,792,1220,396,396,0,793,1220,0
0,500000,2,2,2,43,-1,-1,-1,0,0,-1,3959,0,285138,249445,222831,200,0,285138,4989,100,200,528666
0,180000,2,2,2,28,0,0,0,0,0,2,42238,38741,36696,35813,37893,34661,2500,2000,1128,2500,0,2000
0,80000,2,2,1,30,0,0,0,0,0,2,21507,13207,13997,10914,10685,5515,1700,1400,200,1000,0,500
0,120000,1,1,2,26,-1,-1,-2,-1,-1,-2,884,0,0,10446,0,0,0,0,10446,0,0,0
0,130000,1,2,1,31,-1,-1,-1,-1,-1,2,1261,1261,1261,1411,930,390,1261,1261,1411,930,0,780
1,120000,2,2,2,35,-1,-1,-1,-1,-1,-1,240,240,240,240,240,240,240,240,240,240,240,240
0,360000,1,1,2,28,-1,-1,-1,-1,-1,-1,20223,52962,3978,1743,2828,50537,53228,3997,1750,2853,51041,3219
1,50000,1,2,2,23,2,2,2,2,2,2,29509,30741,31438,31924,32566,33081,2000,1500,1300,1300,1200,1500
0,20000,2,2,2,23,0,0,2,0,0,0,18355,20259,19534,16467,15746,13246,2900,10,577,430,1017,4
0,100000,1,3,1,56,0,0,-1,0,0,0,94265,53376,85787,78762,79529,80335,2385,88678,2169,2634,3132,732
0,70000,1,3,1,32,0,0,0,0,0,0,68739,67629,69188,68392,69884,71284,3060,3300,2610,2750,2750,5500
0,50000,1,2,1,47,0,0,0,0,0,0,13917,16695,21320,18614,19003,19439,3000,5000,2000,618,679,500
0,10000,2,2,2,22,1,2,0,0,0,0,10250,8558,10525,10050,9903,9984,0,2126,390,328,476,1287
0,290000,2,1,1,34,0,0,0,0,0,0,93844,97708,103066,104864,110151,115297,6000,7000,5000,7000,7000,7000
0,30000,2,1,1,31,0,0,0,0,0,0,16496,17522,18531,18744,19291,19818,1597,1606,819,1000,1000,1623
0,410000,2,2,2,27,1,-1,0,0,0,0,-58,32991,36465,44310,62408,61420,33049,16000,8700,18775,15000,5350
1,360000,1,1,2,28,-1,-1,-1,0,0,-1,1210,820,64644,125984,106584,125557,390,75720,62520,17000,132200,167000
1,140000,2,2,1,42,0,0,0,0,0,0,111496,112133,69529,70804,70781,66735,6022,3021,5012,5112,3000,5000
0,210000,2,1,2,32,0,0,0,0,0,0,67374,69489,70937,71761,73505,74827,3200,3200,2600,2900,2700,3000
0,220000,2,2,2,27,-1,-1,-1,-1,-1,-1,1692,13250,433,1831,0,2891,13250,433,1831,0,2891,153504
0,20000,1,2,2,27,1,2,0,0,0,2,18649,18066,19040,19446,20759,20241,0,1594,1000,1606,0,300
1,620000,2,2,1,45,2,2,0,0,0,0,160837,156839,160440,163781,167159,170894,0,6200,6000,6000,6500,6000
0,360000,1,1,2,26,1,-2,-2,-2,-1,-1,-8,-8,-8,-8,1677,2600,0,0,0,1685,2613,0
0,20000,2,2,2,21,-1,-1,2,2,-1,-1,18763,14410,13771,362,5308,0,14410,0,28,22073,0,0
0,50000,1,2,2,23,0,0,0,0,0,0,34549,18552,19334,18165,19322,19575,2836,1200,13000,1500,9000,1000
0,50000,1,2,3,30,0,0,0,0,0,0,97538,49187,17518,17710,18079,18302,2454,1588,780,803,673,637
1,10000,1,2,2,46,0,0,2,2,2,0,4073,6394,6143,6908,6652,6785,2400,0,871,0,244,251
1,100000,2,3,1,50,2,0,0,3,3,2,53849,55030,61574,62470,61198,62524,2050,7500,2500,0,2500,2500
0,50000,1,1,2,26,-2,-2,-2,-2,-2,-2,2411,3059,2333,1800,1620,0,3068,2440,1807,2204,0,0
0,60000,1,2,2,25,-1,-1,0,-1,-1,0,480,1675,3630,578,4825,6200,1675,2500,578,4825,2000,2435
0,440000,2,1,2,35,0,0,0,0,0,0,330759,337794,274075,252584,216547,179221,13100,11000,10000,9000,7100,5500
0,120000,1,2,1,44,0,0,0,0,0,0,92007,87939,82094,59105,53442,46775,5417,2847,2066,1919,2200,0
0,50000,2,1,2,52,0,0,0,-2,-1,-1,3257,4166,0,0,318,0,1000,0,0,318,0,0
0,110000,2,2,1,40,1,2,2,2,2,2,92638,90905,95768,97004,99005,101213,600,7300,3700,3700,4000,3800
0,200000,2,1,2,38,-1,-1,-2,-2,-1,-1,399,0,0,0,218,270,0,0,0,218,270,317
0,150000,2,1,2,28,1,-2,-2,-2,-2,-1,0,0,0,0,0,318,0,0,0,0,318,0
1,30000,2,2,1,36,2,3,2,2,0,0,28778,28039,28286,27533,28189,28805,0,1000,0,1100,1100,1500
0,100000,2,1,2,24,0,0,0,0,-1,-1,30092,30486,30178,29735,14718,29427,1553,5000,87,14761,29514,330
0,360000,2,1,1,34,-1,0,0,-1,0,-1,12339,10138,23912,9785,166,2142,10000,13912,9785,0,2142,4230
0,390000,2,1,2,31,0,0,0,0,0,0,50620,43220,44237,46495,47751,51941,5000,3000,3000,2000,5000,5000
1,220000,2,1,1,41,1,-2,-2,-2,-2,-2,-65,-65,-65,-65,-65,-200,0,0,0,0,0,0
0,160000,2,2,2,25,-2,-2,-2,-2,-2,-2,0,0,0,0,0,0,0,0,0,0,0,0
0,230000,2,1,2,28,-1,-1,0,0,0,0,2403,7357,9752,12608,10797,20539,7357,2566,3000,1000,10000,2000
0,120000,1,1,2,27,0,0,0,0,0,0,52437,50473,45087,35424,31760,31214,5024,5000,5000,4000,5000,3500
1,100000,1,3,1,52,0,0,2,2,2,0,4657,6068,6418,6781,6144,7638,1500,1000,1000,0,2000,2000
1,190000,2,1,2,41,-1,-1,-1,-1,-1,-1,28204,0,16500,0,26854,554,0,16500,0,26854,500,0
1,50000,1,1,1,56,0,0,0,0,0,0,50715,51073,28185,28842,30399,29977,2500,1500,1100,2000,1500,1017
0,240000,2,1,1,42,1,-1,-1,-2,-2,-2,0,6370,0,0,0,0,6370,0,0,0,0,0
0,40000,2,2,2,24,-2,-2,-2,-2,-2,-2,35285,36714,37356,38184,38724,37255,2000,1600,1401,1607,1800,1751
0,630000,2,2,1,47,0,0,0,-1,-1,-2,37850,68187,1207,2632,8654,0,38187,1207,2632,8654,0,4981
0,160000,2,1,1,33,-2,-2,-2,-2,-2,-2,5233,5393,1824,350,150,199,5401,1829,350,150,199,1145
0,110000,2,2,2,32,0,0,2,2,2,2,65299,74565,78516,79829,81603,83206,11000,5800,3200,3200,3100,3000
0,20000,1,2,2,29,0,0,0,-2,-2,-2,17208,18419,0,0,0,0,2055,0,0,0,0,0
0,210000,2,3,1,53,0,0,0,0,0,0,57192,58472,59658,60466,61593,65163,2800,2753,2400,2255,4767,0
0,270000,1,1,2,34,-1,-1,0,-1,-1,-1,5780,12006,15736,6621,2457,14923,12006,5736,6621,2457,14923,1712
0,360000,2,2,2,52,-2,-2,-2,-2,-2,-2,640,2113,-6,999,944,-3,2231,0,1005,948,0,789
0,60000,2,2,1,42,-1,-1,-1,-1,-1,-1,631,2790,1758,416,416,3640,2790,1758,416,416,3640,730
0,360000,1,2,2,38,-1,0,0,0,0,0,108351,111201,63146,63723,65108,66078,8005,8004,5000,5000,5000,105700
0,390000,2,1,2,45,2,2,2,-1,2,2,834,155,-1690,4240,3346,2698,1,1693,6940,7,1230,3
0,250000,2,3,2,35,-2,-2,-2,-2,-2,-2,7244,8472,1738,6706,2391,11082,8514,1751,6739,2403,11137,13407
1,90000,2,1,2,24,0,0,0,0,0,0,13141,14526,15482,18219,22737,23387,1600,1500,3000,5000,1020,764
0,360000,1,1,2,28,-1,-1,-1,-1,-1,-1,7071,401,3545,10540,10132,6220,1510,3575,10573,10155,6240,16071
0,50000,1,3,2,26,0,0,0,0,0,0,35429,30626,30241,20284,19166,19567,1537,1947,800,1000,718,683
0,270000,2,1,1,40,0,0,0,-2,-2,-2,18751,5706,0,0,0,0,1000,0,0,0,0,0
0,200000,2,1,2,29,1,-1,-1,-1,-1,-1,55788,8360,4897,5065,19468,0,8394,4927,5089,19561,0,125
0,50000,2,2,2,23,0,0,0,0,0,0,49809,50364,38429,18815,18305,19013,2040,2766,1690,1000,1000,1000
0,350000,1,1,2,33,-1,-1,-1,-2,-2,-1,10900,10478,-22,-22,-22,4532,10530,0,0,0,4554,0
1,160000,2,2,2,60,-2,-1,-1,0,-1,-1,3128,5156,1089,489,3177,1009,5156,1089,0,3177,1009,0
0,80000,2,3,1,49,-1,-1,-1,-1,-1,-1,3367,4641,2290,1459,6764,7601,4641,2290,1459,6764,7601,7990
1,290000,1,1,1,53,2,0,0,0,0,0,279610,282024,282508,284660,255892,238266,13000,10200,10265,8803,8300,8546
0,270000,2,1,2,28,-1,-1,-1,0,0,0,475,475,5691,37526,50565,48888,475,5691,34000,14000,8000,15000
0,80000,1,1,2,31,-1,-1,-1,-1,2,-1,5994,32223,8308,4082,538,4085,13647,8314,4082,0,4085,0
0,50000,1,2,2,36,0,0,0,0,0,0,5197,6015,6615,7131,6987,6980,1300,1100,1000,500,500,1000
0,30000,1,2,1,35,-2,-1,-1,-1,-1,-2,7797,2687,8762,3377,2000,0,2687,8765,3390,2040,0,0
1,30000,1,2,2,28,1,-1,-1,-2,-2,-2,0,780,0,0,0,0,780,0,0,0,0,0
0,90000,1,2,2,33,-1,0,0,0,0,0,35785,29155,27485,29266,35598,38449,15155,5485,5263,8598,5449,6537
0,160000,1,1,2,26,-1,-1,-1,-1,-1,-1,1433,3746,30258,1036,21572,9528,3757,30348,1044,21636,9556,6066
0,80000,2,3,2,53,0,0,0,0,0,0,77766,77954,78512,60452,61556,54022,4000,2374,2007,2500,3000,2000
0,50000,1,2,2,42,0,0,0,0,0,0,50300,50898,49111,48943,45775,0,2200,1600,1700,1700,0,0
0,20000,2,1,2,25,0,0,0,0,0,2,14603,15661,16394,16723,18056,17618,1600,1300,600,1600,0,800
1,220000,1,1,1,43,1,-2,-2,-2,-2,-2,0,0,0,0,0,0,0,0,0,0,0,0
1,210000,1,3,2,25,-1,-1,2,-1,-1,-1,8817,23634,21776,9631,1561,1990,23776,0,9631,1561,1990,7967
0,130000,2,2,2,29,0,0,0,0,0,0,131575,130931,132969,45584,46516,47455,6700,6000,1291,1319,1336,1365
0,260000,2,2,1,31,-1,-1,0,0,-1,-1,5841,23194,62361,67057,17024,18659,23194,50000,11500,17024,18659,38923
0,230000,2,1,1,30,0,0,0,-1,0,0,30341,25981,24092,65840,56538,51522,5000,5000,65840,2000,2000,10000
0,160000,1,1,2,34,0,0,0,0,0,0,83255,83912,85161,85715,86773,87526,4000,3924,3200,3300,3425,3013
0,50000,1,1,1,35,0,0,0,0,0,0,34976,6018,13930,7106,6020,9011,1127,1074,215,249,4383,172
0,80000,1,2,1,32,0,0,0,0,0,0,48747,45955,44989,41358,42379,38052,2145,1844,2009,5017,2000,5002
0,110000,1,3,2,46,0,0,0,0,0,0,56700,57875,59044,59756,61004,62213,2681,2724,2287,2362,2374,2454
0,200000,1,1,1,43,0,0,0,0,0,0,144678,140804,136437,135253,134629,134309,5090,5014,5009,4844,5002,4902
0,360000,1,2,2,29,0,0,0,0,0,0,268112,263368,259969,255832,245462,250244,9429,8738,7017,7154,7073,7300
0,210000,2,3,2,31,1,-2,-2,-2,-2,-2,0,0,0,0,0,0,0,0,0,0,0,0
0,80000,2,2,2,24,2,0,0,0,0,0,79243,75254,58683,58886,60035,57264,3249,3000,5000,2500,2300,2200
1,300000,2,2,1,36,-1,-1,2,0,-1,-1,-475,5191,4606,2303,2768,65373,10000,0,0,2768,65373,10780
0,310000,2,2,1,43,0,0,0,0,0,0,23396,24182,25135,25095,25356,25514,1426,1379,867,898,933,807
1,30000,1,3,1,59,-1,-1,-1,-1,-1,-1,390,390,390,390,390,1320,390,390,390,390,1320,0
0,170000,1,1,1,53,0,0,0,0,0,0,17862,17927,18800,17647,18015,12930,1323,1196,544,563,629,361
0,140000,2,2,2,28,2,2,2,0,0,2,26450,28823,28171,28740,30454,29930,3007,0,924,2070,0,3000
0,180000,2,2,2,31,1,-2,-2,-2,-2,-2,0,0,0,0,0,0,0,0,0,0,0,1576
0,50000,1,1,2,34,1,2,2,2,2,2,22746,22099,24121,23437,25101,24549,0,2700,0,2200,0,1030
0,50000,2,2,1,36,0,0,0,0,0,-2,9214,10359,7350,7500,0,0,1351,1500,150,0,0,0
0,110000,2,1,2,24,0,0,0,0,2,0,40882,35428,39680,44097,42543,33189,2000,5000,5000,0,2000,3000
0,450000,2,3,1,36,-2,-2,-2,-2,-2,-2,3996,9120,8528,0,6368,3000,9120,8528,0,6368,3000,3238
0,200000,2,2,1,34,-1,-1,-1,-1,-1,-1,390,390,390,561,390,390,390,390,561,390,390,390
0,220000,1,1,2,43,0,0,-1,-1,-1,-1,44177,25736,19292,18900,13580,33150,1006,32906,18900,13580,33150,0
1,360000,2,1,2,29,0,0,-2,-2,-2,-1,3280,0,0,0,0,2650,0,0,0,0,2650,0
0,50000,1,2,1,37,0,0,0,0,0,0,48226,48727,46228,46755,43686,44573,2000,1684,1601,2000,2000,2000
0,40000,1,2,2,23,2,2,0,0,0,0,36650,29541,26190,26710,27274,29551,0,1435,955,993,2734,0
0,190000,2,2,1,37,1,2,2,2,2,2,115049,117856,119570,116284,123528,125478,6000,5000,0,9000,4000,5000
0,150000,1,1,2,33,0,0,0,0,0,0,21724,23168,23320,24085,24149,3323,2100,1200,965,64,509,8399
0,200000,2,1,1,37,1,-2,-2,-2,-1,-1,0,0,0,0,595,0,0,0,0,595,0,2370
0,270000,2,2,1,56,0,0,0,0,0,0,137807,123769,104377,106651,109294,101151,5000,5000,3953,4500,4000,3900
0,60000,1,1,2,25,0,0,0,0,0,0,58839,53235,38533,39639,39619,39140,2018,1900,2000,1500,1900,2000
0,200000,2,2,1,39,0,0,0,0,0,0,80833,79100,70764,71629,70805,70718,3315,3088,2572,2559,2526,2620
0,150000,2,2,1,39,0,0,0,0,0,0,36146,36184,37511,33080,30223,31561,3000,3000,3000,2500,2000,2000
0,180000,2,2,2,28,-1,-1,-1,-1,-1,-1,340,-120,420,460,460,610,0,1000,500,460,610,460
0,90000,2,1,2,27,0,0,-2,-2,-2,-2,7624,0,0,0,0,0,0,0,0,0,0,0
0,360000,2,2,1,37,1,-2,-2,-2,-1,-1,0,0,0,0,166,541,0,0,0,166,543,4268
0,90000,2,1,2,24,-1,-1,-2,-2,-2,-2,491,0,0,0,0,0,0,0,0,0,0,0
0,20000,2,2,2,24,0,0,0,0,2,0,13168,13888,14900,15916,15519,15829,1237,1249,1265,0,568,1327
0,70000,1,1,1,46,0,0,0,0,0,0,60040,55274,51766,51757,50013,49946,2600,1800,2000,3140,2000,1800
0,230000,1,1,1,39,-1,-1,-1,-1,-1,-1,660,660,660,660,660,660,660,660,660,660,660,660
0,30000,1,3,1,48,0,0,0,0,0,0,29434,28960,29022,29201,29553,29693,1465,2000,1033,1200,1055,530
0,200000,2,3,3,45,-1,-1,-1,-1,-1,-1,4430,7182,3855,3411,6788,9921,7193,3855,3411,6788,9921,5016
0,100000,1,3,2,49,-1,-1,-2,-2,-2,-2,1440,0,0,0,0,0,0,0,0,0,0,0
0,50000,2,2,2,23,0,0,0,0,0,2,26795,28056,29284,30487,33831,33138,2000,2000,2000,4000,0,2000
0,20000,2,3,1,25,0,0,0,0,0,-2,16591,16442,6401,4300,1304,0,1155,1000,0,1304,0,0
0,210000,2,2,1,47,-2,-2,-2,-2,-2,-2,0,0,0,0,0,0,0,0,0,0,0,0
0,110000,1,3,1,56,0,0,0,0,0,0,46486,35758,34323,30452,22628,23468,4086,1428,1318,2171,3198,4976
0,20000,2,3,1,44,-1,-1,-1,-1,-1,-2,550,228,0,228,0,0,228,0,228,0,0,0
0,50000,2,3,1,49,0,0,0,0,0,0,5630,6629,5918,6918,6941,4756,1107,1000,1000,1500,2150,0
0,50000,1,2,1,41,0,0,0,0,0,0,21986,21520,20979,19894,18811,18805,1362,1294,682,680,694,618
0,400000,2,1,2,40,-1,-1,-1,-1,-1,0,60125,1981,4521,20472,76933,173599,1981,4521,20500,77000,100000,7700
0,170000,1,2,2,31,0,0,0,0,0,0,56364,58132,59171,55888,53672,51461,3000,3000,2000,3000,3000,3000
0,280000,1,2,1,42,0,0,0,0,0,0,148363,148432,151310,141937,144990,147911,6900,6867,5500,5500,5500,5600
0,130000,2,3,1,28,0,0,0,0,-2,-2,100143,50456,50000,0,0,0,2500,1000,0,0,0,0
0,210000,2,2,2,32,0,0,0,0,0,0,46255,50486,54019,58091,61630,65576,5000,5000,5000,4500,5000,5000
0,370000,1,2,2,28,0,0,0,0,0,0,276436,239025,149128,48907,53025,51434,20000,13000,5000,10000,4000,6000
0,30000,2,2,1,31,0,0,2,0,0,0,29493,19433,18782,19006,19637,21251,3200,0,742,1000,2000,0
0,150000,1,3,2,39,1,-1,-1,-2,-2,-2,214450,147280,150000,0,-5000,0,5180,5000,0,0,5000,0
1,60000,1,3,1,31,2,0,0,-2,-2,-2,35369,35320,0,0,0,0,1027,0,0,0,0,0
0,80000,2,2,2,24,0,0,0,0,0,0,77615,77303,66396,55639,56873,58390,3100,2586,2000,2500,3000,2500
1,280000,2,2,1,44,2,2,2,2,2,2,186149,181779,192189,195517,199250,195874,0,15000,8000,7000,0,15000
0,20000,2,2,2,46,8,7,6,5,4,3,21075,20795,20206,19617,18737,18148,0,0,0,0,0,0
0,270000,1,1,2,32,-2,-2,-2,-2,-2,-2,0,0,1100,300,-200,-200,0,1100,300,0,0,0
0,240000,2,2,2,26,0,0,-1,-1,-1,-1,14348,7500,7816,7500,7500,14497,1000,7816,7500,7500,14497,500
0,20000,2,1,2,22,0,0,0,0,0,0,20137,20179,18067,18666,19115,19547,1300,1301,900,900,900,1600
1,450000,2,1,1,42,1,-2,-2,-1,-1,-2,-200,-200,0,42000,0,0,0,200,42000,0,0,0
0,10000,1,2,2,33,0,0,0,0,0,0,8177,9131,9669,7624,8049,6857,2500,1145,1000,1000,1000,1500
1,280000,1,2,1,39,-2,-2,-2,-2,-2,-2,2082,3557,5623,5400,3866,3526,3597,5672,5427,3885,3543,3519
0,290000,2,3,2,27,0,0,0,0,-1,-1,13820,15614,16293,7760,2000,0,2000,1300,0,2000,1000,0
1,190000,2,1,2,28,0,0,0,0,0,0,46923,48666,49347,50386,43883,34412,2500,2000,3000,2000,2000,2000
0,80000,2,1,2,23,0,0,0,0,0,-1,53261,38091,19744,14556,0,1460,4500,2011,3105,0,1460,0
0,280000,2,2,2,28,-1,2,-1,-1,0,-1,427,298,1179,1714,2875,1047,0,1179,1714,1290,1047,1000
0,160000,2,1,1,33,-2,-2,-2,-2,-2,-2,14150,8106,12431,12145,13391,7957,8106,12431,12145,13391,7957,1905
1,90000,1,2,1,40,0,0,0,-1,-1,-1,42856,44925,0,787,1457,0,3114,0,787,1457,0,0
0,140000,2,1,2,37,-1,-1,-1,-2,-2,-1,1034,40000,0,0,0,510,40000,0,0,0,510,0
0,50000,1,1,2,22,0,0,0,0,0,-1,5137,5960,6270,6000,5810,390,1300,1000,120,200,390,1170
0,40000,2,2,1,32,0,0,0,2,2,2,24114,25417,28777,29107,29693,30456,2000,4110,1100,1200,1400,0
0,130000,2,3,1,43,0,0,0,0,0,0,130067,129385,96775,98071,97743,100124,5540,4403,3814,3562,4021,3681
0,70000,2,3,1,27,0,0,0,0,0,2,61611,62711,63695,63926,67361,59480,3011,3095,2000,4600,0,2258
0,30000,2,2,1,35,0,0,0,0,0,0,25078,25538,25880,25873,26157,26918,1500,1387,893,1000,1501,2000
0,100000,2,3,1,35,1,2,2,2,2,2,97002,102698,97997,103384,97266,101492,8200,0,8000,0,8600,0
1,20000,2,1,1,30,2,2,2,0,0,0,5766,7511,7678,7318,7458,7598,2000,500,0,500,500,0
0,30000,2,2,2,34,2,-1,2,2,2,2,99568,32326,31840,37075,37662,36904,33000,33000,5810,1325,0,3095
1,20000,1,2,1,34,0,0,0,0,0,0,12857,14183,14890,15642,16387,17113,1541,1248,1000,1000,1000,1000
1,100000,2,1,2,28,2,0,0,0,0,0,96193,82342,81967,82177,78840,79261,3600,3800,3000,3000,3023,3000
1,30000,1,2,2,25,2,2,7,7,7,6,2400,2400,2400,2400,2400,1800,0,0,0,0,0,0
0,320000,2,1,1,41,0,0,0,0,0,0,97797,99672,101953,102284,104090,105859,4520,5050,3590,3700,3750,3510
1,90000,1,3,2,42,2,2,2,2,2,2,64762,63164,32789,31641,29240,28306,0,2900,0,2500,0,1300
1,190000,1,2,2,40,2,2,2,2,2,2,145613,156765,159386,161870,165725,169928,15000,6600,6500,6500,7000,7000
0,200000,1,1,2,28,0,0,0,0,0,0,71989,122129,147936,149573,152574,156323,52129,30000,6000,6000,7000,10000
0,300000,2,2,2,31,-1,-1,-1,-1,0,-1,3345,1083,4339,7423,4059,2508,1087,4355,7423,0,2508,4141
0,30000,2,1,2,56,-1,0,0,-2,-2,-2,29033,17013,7024,7024,7024,7024,1283,7024,7024,7024,7024,7024
0,110000,2,2,3,45,0,0,0,0,0,0,26650,20787,20566,21158,22141,22158,1532,2000,783,3000,2000,2000
0,230000,2,1,2,29,-2,-2,-2,-2,-2,-2,0,0,1024,0,0,0,0,1024,0,0,0,0
0,230000,2,1,1,35,0,0,0,0,-2,-2,4259,5432,6182,0,0,0,1250,1000,0,0,0,0
0,310000,2,2,2,28,0,0,0,0,0,0,106468,108955,112374,54762,58189,57170,8000,6000,5000,5000,4000,5000
0,320000,1,1,1,40,0,0,0,0,0,0,247276,241167,238196,231580,229683,235837,10000,10000,10000,19000,13000,8000
0,360000,1,1,1,47,-1,-1,-1,0,-1,-1,1548,-32,177639,174397,4852,4125,0,177671,3508,4876,4188,10007
1,20000,2,3,1,41,-1,-1,-1,0,0,0,780,0,732,642,1252,643,0,732,300,1000,500,1000
0,170000,2,2,2,27,0,0,0,0,0,0,162671,166202,161973,167201,161327,171863,7500,6000,10000,7000,16000,6200
0,140000,1,1,1,40,0,0,0,0,0,0,123049,125616,129695,130735,133467,136287,4310,5913,4426,4580,4770,4767
0,80000,1,2,2,32,0,0,0,0,0,0,51372,51872,47593,43882,42256,42527,1853,1700,1522,1548,1488,1500
0,150000,1,2,2,35,0,0,0,-1,-1,-1,60015,72227,51364,54340,0,2129,20000,30000,54340,0,2129,0
0,170000,1,2,2,27,-1,2,2,-2,-2,-2,1170,780,0,0,0,0,0,0,0,0,0,0
1,200000,2,2,1,29,2,0,0,0,0,0,159398,156955,132144,119136,122211,125021,6163,4530,4500,5000,5000,5000
0,70000,1,1,2,30,0,0,2,0,0,2,55664,59529,57571,57871,60872,59329,5800,0,2250,4500,0,2500
0,320000,1,2,1,37,-2,-2,-2,-2,-2,-2,43528,498,429,14257,5417,2967,500,431,14328,5439,2980,5028
0,150000,2,1,2,29,-2,-2,-2,-2,-2,-2,0,0,0,0,0,0,0,0,0,0,0,0
0,50000,2,1,1,34,0,0,0,-1,0,0,27966,28539,11597,6611,7349,7570,1267,1553,7511,1000,343,1000
0,90000,2,2,2,34,-1,2,2,-2,-2,-2,8792,7500,0,0,0,0,0,0,0,0,0,0
0,280000,1,1,1,41,-2,-2,-2,-2,-1,0,28026,41302,51500,35752,3955,13969,41346,52110,35752,3955,13939,4437
0,300000,2,1,2,31,0,0,0,0,2,-1,43610,43280,36156,30305,30155,561,1655,1797,750,0,561,500
0,400000,2,2,2,40,-2,-2,-2,-2,-1,-1,0,8235,0,0,1524,0,8235,0,0,1524,0,385
0,200000,2,1,1,27,-1,-1,-1,-1,-1,-1,5780,105,105,0,7384,8588,105,105,0,7384,8588,1304
1,10000,2,3,2,22,0,0,0,0,-2,-2,8109,9778,8259,0,0,0,2000,1036,0,0,0,0
1,50000,2,2,3,30,1,3,2,0,0,0,52515,51424,49967,20036,20076,37615,0,0,2000,1000,1000,1600
0,30000,2,2,3,22,1,2,4,3,2,2,22582,26518,25814,25110,24569,26357,4600,0,0,0,2200,2500
1,50000,1,1,2,26,-1,0,0,0,0,0,15448,16392,18096,18425,18619,19060,1500,2000,1500,1200,900,1000
0,50000,1,2,1,38,1,2,0,0,0,0,58102,59011,56272,53663,51507,50616,2500,2500,2000,2000,3200,2000
0,30000,2,3,1,46,1,2,2,2,2,2,12289,11806,13268,12758,13549,14673,0,1970,0,1000,1500,0
0,20000,1,2,2,24,0,0,-1,2,0,0,10476,7279,688,688,688,1320,1000,688,0,0,650,0
0,20000,1,2,2,49,0,0,0,0,0,0,16326,17497,18456,18424,18800,10000,1441,1400,368,376,200,0
0,50000,1,1,3,49,0,0,0,0,0,0,17681,18249,18054,18569,19152,18088,1611,2000,780,1000,1000,2000
0,30000,2,2,1,42,0,0,0,0,0,0,47912,25023,25768,26410,27960,46254,1755,1500,1000,1909,1000,2000
0,360000,2,1,1,30,1,2,-1,0,-1,-1,18886,14249,3821,2404,319,0,0,3828,2000,319,0,0
0,170000,1,2,1,42,1,-1,-1,-2,-2,-1,0,1690,0,0,0,4750,1690,0,0,0,4750,0
0,400000,2,1,2,31,-2,-2,-2,-2,-2,-2,203,767,664,1250,-10,2174,770,667,1256,0,2184,0
0,50000,2,2,1,49,0,0,0,0,0,0,34962,32275,31253,32014,33573,29645,1613,2000,1500,2000,1645,1064
0,160000,2,2,2,27,0,0,0,0,0,0,80964,80337,82182,82586,85145,87049,4000,4000,3500,4000,4000,2500
1,70000,2,2,1,33,0,0,0,0,0,0,69418,68943,38783,3758,1261,0,2382,2025,1000,25,0,1651
0,150000,2,1,1,35,1,-2,-2,-2,-2,-2,0,0,0,0,0,0,0,0,0,0,0,0
0,80000,2,2,2,48,0,0,0,0,0,0,45174,41885,42832,23799,11723,27236,3000,3413,2000,5000,17236,2000
0,30000,2,2,2,22,0,0,2,0,0,0,23892,28459,25499,25778,28708,30520,5300,0,1000,3352,2300,0
1,10000,1,2,2,22,0,0,0,0,0,0,7960,9649,8518,8628,9293,5033,2000,1000,500,1500,0,2500
0,180000,2,1,2,27,1,-1,-1,-1,-1,-1,0,3338,3333,3333,3333,3333,3338,3333,3333,3333,3333,3333
0,320000,1,1,1,47,-1,-1,-1,-1,-1,-1,9192,13920,4022,316,8420,316,13942,4022,316,8420,316,516
0,80000,2,2,2,34,0,0,0,2,2,2,25935,27210,28783,30003,29385,31401,2000,2338,2000,0,2500,0
1,10000,1,2,1,45,0,0,0,2,0,0,7139,8416,9815,9508,9754,10192,1400,1700,0,400,600,200
0,360000,2,2,2,39,-1,-1,-1,0,-1,-1,12865,4462,19560,8894,5329,998,4484,19623,222,5355,998,9004
0,450000,1,2,2,33,-2,-2,-2,-2,-2,-2,-14,2568,-387,-387,-387,113,2582,0,0,0,500,2515
0,330000,2,2,2,29,0,0,0,0,-1,-1,49549,133957,128212,79407,8875,49880,90000,3000,5000,8875,49880,519
1,60000,1,1,2,29,-1,2,-1,-1,2,2,546,255,464,1173,732,1023,0,500,1000,0,582,0
0,50000,2,3,2,26,0,0,0,0,0,0,9935,11029,12795,9983,10884,7666,1234,2000,297,1000,307,361
0,200000,1,2,1,38,0,0,0,0,0,0,152856,156104,158279,161934,165447,168802,6000,5000,5000,5000,4917,10000
0,120000,1,1,2,34,1,2,-1,-1,-2,-2,1278,639,621,-18,-18,-18,0,621,0,0,0,0
0,160000,2,1,1,37,-1,-1,-1,-1,-1,-1,316,316,0,316,632,0,316,0,316,632,0,316
0,110000,1,2,1,57,0,0,0,0,0,0,46132,41050,40091,40659,38529,30900,2306,2111,3009,1725,1500,0
0,70000,2,3,1,50,-2,-2,-1,0,0,0,27345,-1041,17571,17920,18296,18659,1041,18862,640,663,666,690
0,150000,2,3,2,28,0,0,0,0,0,0,101593,101886,101441,100829,101913,96704,4000,4032,3410,4000,3665,3050
0,610000,2,1,2,31,0,0,0,0,0,0,142764,126606,67887,58397,105301,105965,6540,2100,2150,50000,4700,2000
0,110000,2,1,2,25,0,0,0,0,0,0,92849,94766,93894,85723,86443,84011,4346,4075,3144,3238,3167,3202
1,80000,2,2,2,25,2,0,0,2,0,0,17330,19258,23416,22768,23243,23718,3000,4790,0,816,833,2000
0,170000,2,2,1,33,0,0,0,0,0,0,109863,79574,78440,80141,81862,84237,4380,3000,3000,3000,4000,4500
0,110000,2,1,2,30,-1,-1,-1,-1,-2,-2,1064,2001,3796,0,0,0,2007,3796,0,0,0,0
0,140000,2,1,1,51,0,0,0,0,0,0,56764,57950,57668,55024,55883,55744,2115,2004,1941,2073,1909,2132
0,70000,1,1,2,51,0,0,0,2,0,0,43048,43257,44115,41112,39922,40150,3000,4000,0,1500,3000,5000
0,260000,2,2,1,46,-2,-2,-2,-2,-2,-2,29484,28592,16869,12713,10420,12532,10000,3000,12713,10420,12532,12151
0,170000,1,3,2,38,0,0,0,0,0,0,21310,22957,24266,25556,29949,34434,2000,2000,2000,5000,5000,5000
0,50000,2,2,1,34,0,0,0,0,0,0,10821,11877,13656,14949,16567,16826,1221,2000,1500,2000,2000,4000
1,300000,2,3,1,34,0,0,0,0,0,0,280823,275303,271952,193403,187562,191069,11000,12000,7200,6500,6173,5500
1,150000,2,1,2,31,2,-1,-1,-1,-1,-1,390,390,390,4825,5202,780,390,390,4825,5202,780,0
1,50000,2,2,2,25,8,7,6,5,4,3,37647,37102,36238,36374,35229,34365,0,0,1000,0,0,3000
0,50000,2,2,1,26,1,-2,-1,0,0,0,0,0,1756,2719,4049,5176,0,1756,1000,1537,1200,2000
0,90000,2,1,2,25,2,0,0,0,0,-1,84710,87334,87862,18889,-783,73568,4000,3258,1000,0,77500,0
1,50000,1,2,2,26,0,0,0,0,0,0,48036,46787,42011,19147,2845,20041,2100,1227,383,2000,20000,649
0,500000,2,2,2,43,-1,0,0,0,0,0,43346,43976,39032,29092,22725,11590,4006,2383,1126,782,596,1572
0,470000,2,2,1,36,-1,0,0,-1,-1,-1,873,1593,1518,285,688,2100,1005,1000,285,688,2100,1014
0,230000,1,2,2,58,0,0,0,0,0,0,110163,112499,114837,116400,45643,51083,5600,5700,5000,1855,6400,0
0,140000,2,2,2,26,0,0,-1,-1,0,0,4113,6030,16025,24616,19458,20047,2000,16025,24616,1000,1000,1000
1,230000,2,2,1,30,2,0,-1,-1,-1,-1,9636,10152,1817,-828,6153,12663,1222,1837,0,7863,12675,2959
0,420000,2,2,2,31,0,0,0,0,-1,-1,25103,21330,16024,9603,2131,64507,1509,1067,3061,2210,64524,2324
0,30000,2,2,2,24,0,0,0,0,0,0,31319,31181,31540,31016,30531,30528,1564,1800,1100,1500,1500,3000
1,50000,2,2,2,52,1,2,0,0,0,2,43343,43360,23417,21969,21179,18711,1300,1400,920,1700,0,900
0,140000,2,2,2,24,-1,-1,-2,-1,-1,-2,197,0,0,233,0,0,0,0,233,0,0,0
0,260000,2,2,1,35,-1,-1,-1,-1,-1,0,7967,67650,6000,0,88348,85962,67650,6000,0,88348,5000,25000
0,90000,2,3,2,29,-1,2,-1,-1,-1,-2,19450,3123,2121,3113,0,0,0,3509,3113,0,0,0
0,240000,2,2,1,33,0,0,0,0,0,0,240878,233838,238067,242579,238245,233710,10000,11000,10000,10000,10000,8000
0,510000,2,1,2,35,-1,0,0,0,0,-1,2115,2116,5560,4535,3488,1116,1117,4560,91,69,1116,2115
0,110000,2,2,1,35,0,0,0,0,0,0,81665,46070,34419,36829,38080,40434,2460,2000,3000,2000,3000,5000
0,210000,2,1,2,28,-1,-1,-1,0,0,0,11442,3738,7526,10217,11737,8114,3738,7526,5000,5000,162,27760
0,220000,1,2,1,40,-1,-1,-2,-2,-2,-2,158,0,0,0,0,612,0,0,0,0,612,1863
0,200000,2,1,1,35,-2,-2,-2,-2,-2,-2,2257,4261,1265,2473,0,0,4266,1667,2473,0,0,0
0,360000,2,2,2,53,-1,-1,-1,-1,-1,-1,10733,15206,15000,9744,11114,8123,15206,15032,9769,11114,8123,8736
0,260000,1,1,2,44,-1,-1,-1,-1,-1,-1,316,316,316,316,316,466,316,316,316,316,466,316
0,20000,1,2,1,33,0,0,0,0,0,0,11026,9535,10510,10472,10140,10101,1174,1149,501,356,507,458
0,120000,2,2,1,32,0,0,0,0,0,0,113869,116110,111978,112822,114969,117949,5498,5500,4000,4300,5012,4003
0,50000,2,1,2,33,-1,2,-1,-1,-1,-2,7363,5180,31902,11044,0,0,39,32013,11079,0,0,0
0,60000,2,1,2,26,1,2,0,0,0,0,29649,21657,28736,42733,46404,37993,0,8000,15000,9000,10000,0
0,200000,1,1,2,26,-2,-2,-2,-2,-1,-1,12716,16164,1954,5297,1483,3393,16244,1963,3359,4849,3410,2994
0,20000,1,2,2,26,-1,-1,-1,-1,-2,-1,1438,1261,451,-810,-420,1320,1261,451,0,780,2130,0
1,50000,2,1,1,32,2,0,0,-1,0,-1,47858,49223,42589,639,4639,2312,2500,3000,7000,4000,2413,2000
0,50000,2,2,2,31,1,-2,-1,-1,-1,2,0,0,190,0,36059,32851,0,190,0,36059,0,2420
0,230000,1,1,2,29,0,0,2,2,2,0,40732,44563,42804,44020,41278,34672,5000,0,3000,0,3000,3000
0,50000,1,2,1,27,-1,-1,2,-1,-1,-1,819,3003,1677,1177,1313,1085,2184,5,1180,1316,1088,0
1,100000,2,1,2,28,2,2,2,2,2,2,79580,81493,82759,83609,85325,87096,3790,3200,3100,3200,3332,3280
1,210000,2,1,1,42,1,-2,-1,-1,-2,-2,0,0,2490,0,0,0,0,2490,0,0,0,0
1,230000,2,2,1,32,0,0,0,0,2,0,87764,73526,72376,76870,75211,76645,2630,2614,6000,0,3000,2800
0,500000,2,1,2,26,1,-2,-2,-2,-2,-2,31421,22150,0,0,0,0,22157,0,0,0,0,0
0,370000,2,1,2,38,-1,-1,-1,-1,-1,-1,929,328,0,1539,1815,0,328,0,1539,1815,0,0
0,230000,2,1,1,35,-1,-1,-1,-1,0,0,2648,191,1947,11674,16160,32519,200,1950,11692,10000,20000,6000
0,80000,1,2,2,29,0,0,0,0,0,0,11894,12287,12407,14360,14657,4129,1284,1047,2000,359,175,1000
0,60000,2,2,2,29,-1,0,0,0,-2,-2,55064,57833,9479,0,0,0,5000,1033,0,0,0,0
0,30000,2,2,2,51,1,2,2,0,0,0,25382,26480,25761,25964,26507,27249,1800,0,928,960,1181,967
0,70000,1,1,2,27,1,-1,-1,-1,-2,-1,-54,273,19,-254,-527,1096,600,19,0,0,1896,0
0,410000,1,1,2,32,-1,-1,-1,-2,-2,-2,5335,5369,-281,-281,-281,-281,5400,0,0,0,0,0
0,280000,2,3,1,40,1,-2,-2,-2,-2,-2,-288,-288,-288,-288,-288,2124,0,0,0,0,2412,0
0,50000,2,1,1,34,0,0,0,0,0,0,46750,48317,48282,18299,19323,20329,2320,1282,3299,1323,1329,1114
0,100000,2,2,1,30,0,0,0,0,0,0,97062,74352,75004,76705,78168,80347,2800,2700,5400,3500,3500,3200
0,230000,2,1,2,29,-2,-2,-2,-2,-2,-2,0,0,0,0,0,0,0,0,0,0,0,0
0,50000,2,1,2,22,0,0,0,-1,-1,-2,13801,9549,5385,7781,0,0,1372,1275,7900,0,0,0
0,100000,2,1,2,48,2,2,2,2,2,0,15355,17949,18158,18365,17932,18147,3164,800,800,0,662,3000
0,210000,2,2,1,35,0,0,0,0,0,0,37148,35754,34232,32331,30337,28012,2000,2000,2444,1342,1038,2000
0,400000,1,1,2,37,-1,-1,-1,-1,-2,-1,385,12695,1290,0,0,3058,13032,1290,0,0,3058,3768
1,20000,1,2,2,25,4,3,2,0,0,0,20610,20005,19331,19333,17363,16314,0,0,500,715,326,0
0,50000,2,3,1,44,-1,-1,-1,-1,0,0,2000,780,0,7472,10174,11104,780,0,7472,3000,1104,1000
0,230000,2,1,2,28,-1,-1,-1,-2,-2,-2,6666,6666,0,0,0,0,6666,0,0,0,0,0
0,220000,1,2,2,29,0,0,0,-2,-2,-2,31037,6244,0,0,0,0,3050,0,0,0,0,0
0,300000,2,1,1,36,0,0,0,0,-2,-1,25239,25001,20800,0,0,65755,1713,1000,0,0,65755,3000
0,80000,2,2,2,23,1,-1,2,-1,-1,-1,998,6858,1879,1145,7328,3703,6861,11,1146,7329,3704,426
1,20000,2,3,2,36,0,0,2,2,2,2,16754,18873,19862,19245,20532,19953,2400,1600,0,1600,209,0
0,190000,2,1,2,26,0,0,0,0,0,2,31061,32129,33142,33726,35758,35171,1750,1720,1300,2600,0,1400
0,160000,2,2,0,37,0,0,0,0,0,0,2694,38433,38870,28574,27268,28021,35888,1325,891,1000,1098,426
0,120000,2,1,3,44,0,0,2,0,0,0,70096,76446,73732,12329,12329,0,8100,0,247,0,0,0
0,700000,2,1,1,39,0,0,0,0,-2,-1,99259,102345,109636,326,2016,61707,5000,10000,326,2016,61707,17785
0,140000,2,1,2,24,1,-2,-2,-2,-1,-1,0,0,0,0,1086,0,0,0,0,1086,0,0
0,300000,2,3,1,29,-1,0,0,0,0,-1,24921,21333,16212,11304,11396,6138,2000,3000,0,5000,6202,0
1,120000,1,3,1,33,1,2,2,2,2,2,66055,67405,68405,69387,70727,72215,3000,2700,2700,2600,2800,0
0,280000,2,2,1,39,0,0,2,0,0,0,213738,228963,223810,158542,162244,108143,20300,0,5600,6300,4000,4000
1,70000,1,3,1,51,2,2,0,0,0,0,54968,51384,49734,50361,49185,47245,0,2100,1950,1900,2219,2100
0,20000,2,3,2,24,-1,-1,-1,-1,-1,2,4101,507,3042,0,8402,6204,507,3042,0,8402,0,4739
0,150000,2,2,1,45,-1,-1,-1,-1,-1,-1,2605,2605,4590,2605,2605,3795,2605,4590,2605,2605,3795,10675
0,60000,1,1,2,30,0,-1,0,0,0,0,15380,4116,19453,17912,18480,18848,4147,19435,1000,1000,1000,1000
0,200000,2,3,0,51,-1,-1,-1,-1,0,-1,780,0,390,780,390,390,0,390,780,0,390,390
1,50000,2,2,2,24,1,2,0,0,0,0,48861,48082,48614,26667,26036,26850,2000,2233,1083,1100,1400,3000
0,150000,1,2,1,50,-1,0,0,2,0,0,55336,58255,36260,35037,34631,63156,5085,4000,0,2000,30000,5000
0,20000,2,1,2,22,0,0,0,0,0,0,20243,20400,19583,19983,20196,19705,1410,1200,534,700,1000,0
1,40000,1,1,2,27,0,0,0,0,0,0,11058,11471,11776,12660,12660,12413,2000,1500,2330,2300,1000,2078
0,170000,2,2,2,33,1,-1,-1,-1,-2,-2,0,7042,2986,0,0,0,7042,2986,0,0,0,0
0,50000,2,2,1,24,1,2,0,0,0,2,27087,26372,26992,27693,29237,28607,0,1400,1100,2100,0,1000
0,10000,1,2,2,37,0,0,0,0,2,2,8755,8158,7540,8164,6963,5923,1167,1022,1036,0,2700,0
0,200000,2,2,1,58,-1,-1,-1,-1,-2,-1,3035,199602,720,0,0,1500,199646,720,0,0,1500,185652
0,50000,2,2,1,48,0,-1,-1,0,0,0,20944,4696,47225,16483,9343,9693,2360,49325,3001,1882,500,503
0,320000,1,1,2,28,-1,0,0,-1,0,0,2007,3477,3037,1633,3633,0,2000,1000,1633,2000,0,3000
0,20000,2,3,1,24,8,7,6,5,4,3,24310,23987,23353,22719,21796,21162,0,0,0,0,0,0
1,470000,2,2,1,27,0,0,0,0,-1,0,152478,62084,54551,14363,97440,90717,3001,4005,2021,97441,5001,5001
0,230000,2,3,2,30,-1,-1,-1,0,0,0,550,0,13013,14265,13659,0,0,13013,1252,3659,0,0
0,20000,2,1,2,23,0,0,0,0,0,-2,17246,16988,15973,18773,0,0,2000,2000,3000,0,0,0
1,30000,2,3,2,53,-1,-1,-1,-1,-1,-1,1598,2487,0,4810,2796,3245,2487,0,4810,2796,3245,7305
0,80000,2,2,2,23,2,2,2,2,2,2,22895,23837,24253,24562,25126,25476,1600,1100,1000,1100,906,0
0,110000,2,2,1,55,0,0,0,0,0,0,15069,16123,16850,17568,18133,18828,1600,1300,1000,1000,1000,1000
0,420000,1,2,1,34,0,0,0,0,0,0,88948,79783,80575,92982,98502,103200,30000,10575,15000,10000,10000,20000
1,500000,1,1,1,43,1,-2,-2,-2,-2,-2,0,0,0,0,0,0,0,0,0,0,0,0
0,80000,2,2,2,22,1,2,0,0,0,0,79318,79459,79788,29069,26551,27109,2000,2201,2000,1000,1000,2000
0,350000,2,2,1,31,0,0,0,0,0,0,67648,68557,63179,57987,53948,39965,3039,2047,1750,1703,1721,784
0,30000,2,2,1,32,-2,-2,-2,-2,-2,-2,0,0,0,0,7463,6804,0,0,0,7463,6804,4985
1,110000,2,2,2,33,1,-2,-2,-2,-2,-1,0,0,0,0,0,150,0,0,0,0,300,102
0,500000,1,3,1,39,0,0,0,0,0,0,315201,332071,375070,354839,369532,367399,25000,50000,20000,19586,14122,12022
0,490000,2,1,1,38,-1,-1,-1,-1,-1,0,4290,4738,2803,6027,10722,8452,4738,2803,6027,10722,6000,1139
0,300000,2,2,1,34,-2,-2,-2,-2,-2,-2,205064,-86,-86,2014,-185,1815,0,0,2100,0,2000,5000
1,50000,1,2,3,42,2,0,0,2,0,0,47647,50232,50510,32177,29530,29789,3700,3700,0,1072,1500,1132
1,150000,1,3,1,37,4,4,4,3,2,0,151117,153787,150320,147989,143355,143131,6500,0,512,0,4388,4221
0,80000,2,3,1,57,-1,2,-1,0,0,0,726,726,15400,15000,15000,15000,0,15400,0,0,0,100
0,40000,2,2,2,23,0,0,0,2,2,6,20035,21406,24735,24050,43317,44059,2000,4000,0,20000,2000,0
0,30000,1,2,2,32,1,2,2,0,0,0,29095,30819,29214,29478,23384,22428,2500,0,910,1000,1000,1000
0,50000,1,1,1,37,0,0,-2,-2,-2,-2,30400,0,0,0,0,0,500,0,0,0,0,0
0,140000,2,2,2,23,0,0,0,0,0,0,44733,44144,44739,43455,43980,44614,2100,2027,1800,1600,1750,1700
0,50000,2,3,2,49,0,0,0,0,0,0,4987,6741,9366,8566,10066,0,2000,3000,1500,1500,0,0
0,30000,2,2,2,25,-2,-2,-2,-2,-2,-2,26957,26269,17036,27497,16098,7300,1333,2256,27497,787,200,0
1,40000,2,1,2,29,0,0,2,2,2,2,26461,29425,30145,29361,33893,34487,3400,1500,0,5000,1300,0
1,100000,2,3,1,43,2,2,2,2,2,2,50485,51582,52141,52691,54199,53176,2200,2000,2000,2500,0,4500
0,130000,1,2,2,29,0,0,0,0,0,0,131041,133698,131990,127512,128683,129669,7000,5151,4464,5000,4702,8000
0,20000,2,2,2,27,0,0,0,0,0,0,20218,19194,20112,19712,19712,6321,1482,1400,0,0,0,0
0,50000,1,1,2,26,-2,-2,-2,-2,-2,-2,0,0,0,0,0,0,0,0,0,0,0,0
0,260000,1,1,1,41,-2,-2,-1,0,0,0,1086,2853,38836,45087,47201,46199,3552,38836,20000,15000,15000,10000
1,30000,2,3,2,52,2,2,7,7,7,7,2450,2450,2450,2450,2450,2450,0,0,0,0,0,0
0,10000,2,2,1,31,0,0,0,0,0,0,15915,9050,9901,9975,9736,8703,2330,2200,1000,333,311,322
0,200000,1,1,2,32,0,0,0,0,0,0,43515,44557,45574,49022,47459,49666,1739,1756,2662,1726,3000,2500
0,30000,2,2,1,46,0,0,0,0,0,0,28234,28874,29437,27738,27268,27409,1484,1436,1120,995,989,800
0,180000,2,2,2,35,0,0,0,-2,-2,-2,119333,123150,0,0,0,0,6000,0,0,0,0,0
0,100000,1,1,2,35,0,0,-2,-2,-2,-2,29109,0,0,0,0,0,0,0,0,0,0,47970
0,140000,2,2,1,39,0,0,0,0,0,0,105192,90337,74510,73876,76180,78400,3000,6000,4000,4000,4000,3000
0,290000,2,2,2,34,0,0,0,0,0,0,310403,315048,314085,317631,315820,305498,12012,12012,11016,11088,12031,12031
0,20000,2,2,3,52,0,0,0,0,0,0,14591,15616,16628,16958,17314,17664,1265,1277,607,629,638,641
0,80000,2,3,1,40,0,0,0,0,0,0,35660,37082,38464,38922,40791,43108,2000,2000,1397,2500,3000,1600
0,500000,2,3,1,38,-2,-2,-2,-2,-2,-2,13655,8351,2340,2340,11435,189,8351,2340,2340,11435,189,5391
0,180000,1,1,1,45,-1,-1,-1,-1,-1,-1,4453,3310,7226,5060,2832,1890,3310,7228,5060,2832,1890,2576
0,20000,2,3,1,40,-1,-1,-1,-1,-1,-1,2946,0,390,390,390,390,0,390,390,390,390,780
0,30000,2,2,1,25,0,0,0,0,0,2,30606,29579,30291,30616,30456,29818,1800,1512,1259,2500,0,1000
0,150000,1,1,2,33,0,0,0,0,0,0,45335,50262,54793,59244,64096,68837,6000,6000,6000,6000,6001,6000
0,280000,2,2,2,27,-1,-1,-1,-1,-1,-1,5924,5174,980,3058,3158,9530,5174,1078,3058,3158,9530,0
0,50000,2,2,1,43,0,0,0,-1,0,0,23587,24580,20165,10732,10566,10757,1800,1775,10732,384,757,501
0,20000,2,2,1,43,2,0,0,0,0,2,15294,16340,17359,17776,19293,18844,1300,1300,700,1800,0,1000
0,200000,1,1,2,30,-1,-1,-1,0,0,0,4935,-200,11463,11751,11772,5318,0,11663,9363,3232,3000,1000
1,210000,2,2,1,49,1,-2,-2,-2,-2,-2,0,0,0,0,0,0,0,0,0,0,0,0
0,230000,2,1,2,38,0,0,0,0,0,0,224020,227311,184500,128190,130883,133504,8750,7470,4540,4710,4750,4900
0,50000,1,3,2,57,0,0,0,0,0,0,47917,48455,48120,28450,29046,29647,1988,1989,1018,1054,1084,1048
1,50000,1,3,2,55,0,0,0,0,0,0,51737,27121,28103,28814,29261,29878,2930,1447,1158,1041,1082,994
0,70000,2,2,2,23,0,0,0,0,0,0,49605,51804,53041,55150,57098,59141,3000,2700,3000,3000,3000,4700
0,310000,1,1,2,30,-2,-2,-2,-2,-2,-2,1544,1648,1284,1088,892,-304,1300,1000,1000,1000,304,39544
0,180000,2,2,1,30,-1,-1,-1,-1,-1,-1,2488,13476,3173,13202,6594,2549,13476,3173,13212,6594,2549,1000
0,90000,2,2,2,24,0,0,0,0,0,2,24401,22771,19461,16181,14669,14422,1454,1384,407,673,0,102
0,390000,1,2,2,28,0,0,0,0,0,0,149445,139794,133224,106127,51097,38555,8046,5150,5297,5084,5065,5042
0,150000,2,3,1,34,-1,-1,-1,-1,-1,-1,772,337,618,150,150,377,340,618,150,150,227,0
0,400000,1,2,2,37,1,1,1,2,0,0,13611,15066,15882,12599,18599,12284,3019,5014,3,7040,2006,2005
0,80000,2,2,1,32,0,0,0,0,0,-2,28408,25695,11553,2350,0,0,1259,1035,1600,0,0,0
0,320000,1,1,2,27,0,0,0,0,0,0,137574,199563,122093,105425,100206,96073,6048,6371,3043,3031,3066,3031
1,240000,2,2,1,37,-1,-1,-2,-2,-2,-2,238,0,0,0,0,0,0,0,0,0,0,0
0,200000,1,1,2,31,-2,-2,-2,-2,-2,-2,100,100,100,100,100,100,100,100,100,100,100,100
1,110000,1,1,3,55,1,2,2,2,3,2,92610,94755,92351,101140,99260,101577,4500,0,11300,0,4100,0
1,170000,2,1,2,28,2,2,2,2,2,2,131864,133897,129761,138604,136283,145012,5600,0,11000,0,11000,5656
1,90000,2,3,3,51,0,0,0,0,2,0,11315,12340,13349,14276,13904,14184,1212,1221,1148,0,510,525
0,200000,1,1,1,36,-1,-1,0,-1,-1,-1,3877,11496,5935,295,1867,0,11496,1011,297,2923,0,0
0,360000,1,1,2,30,-2,-1,-1,-2,-2,-2,0,2500,0,0,0,0,2500,0,0,0,0,0
0,140000,2,1,1,36,-1,-1,-2,-1,0,0,4036,0,0,2971,1607,0,0,0,2971,0,0,0
0,220000,1,2,2,25,0,0,0,0,0,0,168286,155893,119575,51317,51926,34608,10000,3900,1000,1000,2000,2000
0,100000,1,3,1,50,0,0,-2,-2,-2,-2,154970,0,0,0,0,0,0,0,0,0,0,0
0,80000,2,2,2,40,2,0,0,0,2,2,57364,58637,59863,62860,63976,63293,2200,2200,4000,1777,0,2000
0,30000,2,2,2,27,-1,-1,2,0,-1,2,27772,30461,29325,21449,29709,29086,3136,0,0,29709,0,1576
1,50000,1,1,2,30,2,2,2,-1,2,2,4187,5152,3679,596,446,2699,2300,0,700,0,2300,0
0,120000,2,2,2,26,0,0,0,0,0,0,22431,12399,4199,3059,674,0,1500,1000,682,0,0,738
0,50000,1,1,2,27,0,0,0,0,0,0,7010,9876,11115,12915,14415,0,3000,1500,2000,2000,0,0
0,360000,2,1,2,27,0,-1,0,-1,-1,-1,79837,27456,68117,39105,54456,46153,27465,50154,39105,54456,46153,40000
0,90000,2,1,2,25,2,2,2,2,0,0,86014,92898,92860,88533,90942,88813,8300,2400,1000,4000,3600,4000
0,500000,1,1,2,32,-1,0,0,0,0,0,386405,387910,293177,274539,253443,253671,25016,20018,10000,79377,52778,10000
0,140000,2,3,1,46,0,0,0,0,0,0,68075,69972,71805,73613,75426,77169,3000,3000,3000,3000,3000,5000
0,30000,1,3,1,45,0,0,2,0,0,0,17187,24045,23180,22000,22000,0,7900,0,0,0,0,0
0,70000,1,3,1,30,0,0,0,0,0,0,19882,20611,21859,22445,22935,23404,1352,1600,949,1000,1000,1000
0,200000,1,1,1,39,-2,-2,-2,-2,-2,-2,0,0,0,0,0,3983,0,0,0,0,3983,0
0,350000,1,1,1,48,0,0,0,0,0,0,54969,47978,48631,48351,47939,33827,2087,1989,1591,1466,2000,1500
1,120000,1,1,2,32,1,-2,-2,-2,-2,-2,0,0,0,0,0,0,0,0,0,0,0,0
0,240000,1,1,2,46,0,0,0,0,0,0,471814,478380,395612,386295,356206,352257,16044,15087,12000,15000,12000,12000
0,90000,2,1,2,23,0,0,0,0,0,0,22109,25011,29230,32747,38217,43744,6000,5000,4000,6000,8000,4000
0,260000,2,1,2,33,1,-2,-2,-2,-1,-1,0,0,0,0,1980,2500,0,0,0,1980,2500,0
0,50000,2,1,2,24,0,0,0,2,0,0,27245,28300,31900,31090,31837,32555,1800,4400,0,1400,1400,1400
0,110000,1,1,1,40,0,0,0,0,0,0,8481,13066,17638,22204,26784,31352,4980,5124,5256,5416,5552,5742
0,20000,2,1,2,24,-1,-1,2,-1,0,-1,1371,796,398,796,398,716,796,0,796,0,716,12111
0,30000,2,2,2,24,0,0,0,0,0,0,27391,28412,28575,28925,24159,0,1767,1700,1010,1141,0,0
1,180000,1,1,2,27,-2,-1,2,2,-2,-2,11392,14688,14040,13440,13440,13080,3500,0,0,0,0,0
0,20000,1,2,1,46,0,0,0,0,0,0,5902,6767,8145,8153,8324,8490,1122,1500,291,302,304,319
0,50000,2,2,2,22,0,0,0,0,0,0,50342,50482,49217,40882,20258,20303,1896,1656,1750,717,753,1000
0,180000,2,1,2,36,-2,-2,-2,-2,-2,-2,10737,21197,11936,40420,9210,17795,21197,11936,40420,9210,17795,6915
0,200000,1,1,1,34,-2,-2,-2,-2,-2,-2,1242,4006,941,2357,2945,1143,4034,945,2366,2947,1143,744
0,260000,2,2,2,24,0,0,0,0,0,0,68411,60386,48663,50998,53835,56728,2500,4000,4000,3835,3805,3000
1,320000,1,1,1,60,-1,-1,-1,-1,0,-1,9955,3465,84421,886,11741,4317,3465,84440,886,11533,4317,52466
1,160000,2,2,2,29,2,2,-1,-1,-1,-1,1989,-8,866,0,892,0,0,874,0,892,0,594
1,30000,1,2,2,32,2,0,0,2,2,2,7851,9065,11595,11112,12923,12566,1500,3000,0,2000,0,1000
0,50000,2,2,1,36,0,0,0,0,0,0,16906,17645,18478,10279,10646,10776,1314,1147,348,512,435,190
0,50000,1,2,2,30,0,0,0,0,-2,-2,21062,6495,2207,0,0,0,2000,1000,0,0,0,0
0,90000,2,2,2,29,0,0,0,0,0,0,47585,52084,53817,54818,55985,57398,10000,2600,2500,2200,2500,3000
0,240000,1,1,2,34,1,2,-1,-1,0,-1,11874,5979,6938,41858,10416,1711,0,6938,41877,0,1711,27162
1,180000,2,2,1,32,1,2,2,2,0,0,15548,15009,17752,17172,18732,23389,0,3000,0,2000,5000,2000
0,200000,2,2,1,32,-1,-1,-1,-1,-1,-1,5150,10190,10190,10190,10594,11193,10190,10190,10190,10594,11193,10190
0,50000,2,1,2,25,0,0,0,0,0,2,42543,34629,27095,18538,20100,19630,1900,1428,600,3000,0,1000
0,50000,1,2,1,44,-1,-1,-1,-1,-1,-1,1261,1261,1261,1261,1261,1261,1261,1261,1261,1261,1261,1261
0,330000,2,1,1,37,-1,-1,-1,-1,0,-1,4785,3403,0,5882,5882,1013,3523,0,5882,0,1013,0
1,80000,2,2,2,24,2,2,5,5,4,3,1200,1200,1200,1200,600,300,0,0,0,0,0,0
0,50000,2,2,2,23,-2,-2,-2,-2,-2,-2,3779,3944,2118,2259,3527,1100,3955,2124,2266,3638,1303,0
0,360000,2,1,2,29,0,0,-1,-1,-1,-1,15854,8174,1004,1004,646,3508,1000,1004,1004,646,3508,0
0,240000,2,2,1,37,0,0,0,0,0,0,219099,217058,187841,186140,191678,191816,8131,8123,6700,10000,7700,6000
0,50000,1,2,1,59,0,0,0,0,0,0,47069,48479,49520,18990,19539,19791,2169,2210,680,855,726,687
0,470000,1,2,2,33,0,0,0,0,0,0,190258,181207,120318,129281,113437,164377,40012,10020,40069,25005,100000,51305
0,160000,2,3,1,51,-1,2,-1,-1,-1,-1,2000,1000,2125,2125,1000,2125,0,2125,2125,1000,2125,23250
1,30000,1,1,1,27,-1,0,0,0,0,-2,12897,13484,6655,6618,0,0,2011,2211,2101,148,0,0
0,80000,2,2,1,32,0,0,0,0,0,0,81074,78262,76163,76813,77511,79069,3700,3400,2900,2900,2841,3100
0,500000,2,3,2,42,-2,-1,-1,0,0,0,10889,26146,104279,103945,101945,90193,29987,104279,2085,1130,45551,0
0,180000,1,2,2,39,-1,-1,-1,-1,-1,0,3135,2822,1938,5818,2628,2628,2833,2015,5818,2628,0,0
0,110000,2,2,1,46,-1,-1,-1,-1,-1,0,2410,2151,2161,1719,107591,107940,2151,2161,1719,107591,5000,3500
0,160000,1,1,1,41,0,-1,0,0,2,2,117126,11222,15513,18087,17499,19939,15315,15000,3000,0,3000,0
0,210000,2,2,2,30,0,0,0,0,0,0,21780,20974,18652,13464,109722,105573,1325,1074,1000,99000,3745,4000
1,200000,2,1,1,34,-1,0,0,-1,0,-1,6206,6723,7545,362,181,488,1120,1024,362,0,488,300
0,350000,1,1,2,35,-1,-1,-1,0,0,0,4439,33720,14283,16426,10833,2261,33891,16267,4027,234,1565,26346
1,250000,1,1,2,41,-1,-1,-1,0,-1,-1,1338,-24,8324,5872,23020,2367,0,8348,0,23020,2367,3117
1,380000,1,1,2,43,1,2,2,-2,-2,-2,8201,7882,-2,-2,-2,-2,39,0,0,0,0,0
0,30000,1,2,2,47,-1,-1,-1,-1,0,-1,396,396,396,792,396,772,396,396,792,0,772,0
0,200000,1,2,2,31,0,0,0,0,0,0,33781,35879,26043,27497,29082,31647,3000,2000,2000,2000,3000,4000
0,30000,1,2,2,30,-1,0,0,0,0,0,27826,28672,29622,30271,24536,22913,1600,1500,1000,1000,1000,1000
0,50000,1,2,2,24,0,0,-1,-1,0,0,14937,12171,3847,11117,6479,6187,3027,3858,11139,3009,3016,3008
0,500000,1,1,1,36,0,0,0,0,0,0,294827,292920,291760,288024,274632,266669,20007,20026,20020,10017,15024,10002
0,30000,1,1,2,28,1,-2,-1,-1,-1,-2,0,0,1310,816,0,0,0,1310,816,0,0,0
0,220000,2,1,1,36,-1,-1,0,-1,-1,-1,996,4102,4111,1057,990,1324,4102,1111,1057,990,1324,1039
0,20000,2,2,1,27,0,0,0,-1,0,0,42784,41009,44267,47149,48497,14774,3000,5000,10000,3011,2011,2011
0,180000,2,2,1,32,0,0,0,0,-1,-1,74189,30670,6428,4618,2708,54024,2000,1000,0,2708,54024,2000
1,300000,1,1,1,42,-1,0,0,-1,0,0,11973,61834,25145,37666,19453,10492,20979,5000,37676,8808,2000,2709
0,130000,2,2,1,33,0,0,0,0,0,0,133461,133393,132211,101807,101083,101597,7010,6657,3899,3952,3900,4000
1,180000,2,3,1,39,2,2,2,2,2,0,10159,12689,12183,13979,13621,14809,2710,0,2000,0,2000,2000
0,150000,2,1,3,30,-2,-2,-2,-2,-2,-2,50,6527,2168,-7,1373,-1,8589,2500,0,1380,0,2050
1,140000,1,2,1,30,0,0,0,0,0,0,134203,127319,107496,69218,70702,72267,5000,3500,2700,2600,2742,2700
0,50000,2,2,2,22,0,0,0,0,0,0,49609,61162,31485,15281,18031,18233,2100,2000,4000,3000,1500,1000
1,20000,1,2,2,25,1,2,2,0,0,0,6174,7543,7255,3887,5887,0,2000,28,0,2000,0,0
0,180000,1,1,2,28,-1,-1,-1,-1,-1,-1,666,662,-4,55566,1056,390,662,0,61411,1056,0,1998
1,180000,1,2,2,26,0,0,0,0,0,0,5591,6619,10574,7733,6794,5487,1126,4081,240,504,169,62
0,150000,2,3,1,54,-1,0,0,0,2,0,148747,145231,145341,153833,151194,145738,5500,5500,11000,0,6000,5215
0,70000,2,1,2,24,0,0,0,0,0,0,63903,65248,62958,64209,59482,60883,3000,2190,2201,2181,2413,1952
0,30000,1,2,2,29,8,7,6,5,4,3,34423,33952,33165,32391,31332,30558,0,0,0,0,0,0
1,500000,1,1,2,36,-2,-2,-2,-2,-2,-2,45106,81264,18122,27229,21462,27911,81690,18225,27365,21570,28050,17397
0,60000,1,3,1,49,0,0,0,0,0,0,44801,41545,40649,40843,40612,40656,3000,4506,2500,1800,4200,2500
0,50000,2,1,2,23,-2,-2,-2,-2,-2,-2,49860,50187,50022,20114,18777,18273,2500,1289,917,1315,5042,2512
1,130000,1,3,2,43,1,-1,-1,-2,-1,-1,1018,6377,-2,935,4985,1212,6433,2,937,4990,1215,9546
0,260000,2,2,1,33,-2,-2,-2,-1,-1,0,134736,135593,120909,102524,40157,40805,6067,10000,3000,40157,1466,2000
0,380000,1,3,1,53,-2,-2,-2,-2,-2,-2,0,0,0,0,0,0,0,0,0,0,0,0
0,360000,2,2,2,25,2,2,2,2,2,2,286732,290690,284059,294308,297916,279503,10792,0,15000,5800,0,126685
0,50000,1,3,1,54,1,2,2,0,0,0,62847,60885,56828,55419,54054,53143,2100,0,2000,2000,2455,4000
0,50000,2,3,1,39,0,0,2,-1,0,0,58300,59727,142,29886,30510,31276,7876,161,74354,927,1089,9100
1,260000,2,1,1,44,-1,2,2,-1,-1,-2,1215,856,291,803,98,431,0,291,803,98,431,1104
0,80000,2,2,2,27,0,0,0,0,0,0,57376,58649,59873,61077,62394,63655,2200,2200,2200,2300,2300,2600
1,360000,2,1,2,25,0,0,0,0,0,-2,279846,169426,68810,12800,0,0,7004,1793,2757,0,0,0
1,290000,2,1,2,29,1,-2,-2,-2,-2,-2,0,0,0,0,0,0,0,0,0,0,0,0
0,200000,1,1,2,39,-2,-2,-2,-2,-2,-2,-200,-200,-200,0,60800,0,0,0,200,60800,0,0
0,140000,1,1,1,45,0,0,0,0,2,2,39716,40799,41853,44452,45433,46383,1600,1600,3169,1700,1700,1495
1,360000,1,1,1,38,1,-2,-2,-2,-2,-2,0,0,0,0,0,0,0,0,0,0,0,0
1,50000,2,2,2,23,-1,-1,-1,0,-1,-1,780,0,780,390,390,500,0,780,0,390,500,18300
0,120000,1,2,2,25,2,2,0,0,0,0,113348,110119,111700,83858,86434,88802,0,5000,3158,3934,3802,2000
0,100000,1,2,1,29,0,0,0,0,-1,-1,94453,95860,67782,-2618,95748,101299,3320,5000,0,100000,7186,0
0,200000,2,2,1,28,0,0,0,0,0,0,81865,86790,8441,97041,103541,3632,5000,2000,89000,6500,91,1504
0,90000,2,2,1,40,-1,-1,-1,-1,-1,-1,4989,-818,1114,657,1332,780,0,2806,2256,2274,780,0
1,360000,1,1,2,36,1,-2,-2,-2,-2,-2,0,0,0,0,0,0,0,0,0,0,0,0
1,150000,2,3,2,30,-2,-2,-2,-2,-2,-2,456,9664,3420,2527,0,0,9664,3420,2612,0,0,0
0,140000,1,1,2,29,-1,-1,-1,-1,-1,-1,2937,5150,1514,2573,495,1744,2024,1522,2580,496,1749,2265
0,200000,2,2,2,36,-1,-1,-1,-2,-2,-1,1371,4068,0,0,0,980,4077,0,0,0,980,0
0,170000,2,2,1,37,0,0,0,0,0,0,166246,169163,136604,136607,133199,135242,6700,6800,4700,4700,5500,5000
0,30000,1,2,2,34,0,0,4,3,2,0,19785,24633,23961,23289,22779,51224,5500,0,0,0,3400,512
0,80000,2,1,2,27,0,0,-2,-2,-2,-2,80000,0,0,0,0,0,0,0,0,0,0,0
0,280000,1,1,2,31,0,0,0,0,0,2,164736,170564,150666,133465,133536,132964,8833,12005,5000,8000,3000,5000
0,410000,2,1,1,31,-1,-1,2,2,-2,-2,2744,2041,630,-736,-1591,-2303,2051,5,266,266,253,6384
0,450000,1,1,2,38,-1,0,-1,-1,-1,-1,29747,53311,10920,8072,22809,12415,30323,10973,8112,22923,12476,6728
0,80000,1,2,2,36,0,0,0,0,0,0,79148,52174,44275,42029,33838,29757,2000,2000,1500,1500,2000,1500
0,360000,1,1,1,46,0,0,0,0,-2,-2,92961,76243,51722,-8,-8,-16,10125,13092,0,0,0,0
0,130000,2,1,1,36,0,0,0,0,0,0,129689,107070,103942,94623,90556,92394,5000,4400,5000,4000,3500,4000
1,160000,2,1,2,26,0,0,0,-1,-1,-1,2198,11155,0,12315,0,11855,9155,0,12315,0,11855,0
1,140000,2,3,2,57,2,0,0,0,0,0,131795,134083,125360,99313,90623,92425,6743,5421,3926,3290,3310,3424
0,240000,2,3,1,40,1,-2,-1,-1,-1,-1,-55,-55,3545,1338,1075,1744,0,3600,1338,1075,1744,0
0,180000,2,3,0,45,-1,-1,-2,-2,-2,-2,4148,0,0,0,0,0,0,0,0,0,0,0
0,70000,1,1,3,57,0,0,0,0,0,0,69398,70352,69936,68118,65942,62495,2667,2321,2391,2316,2466,1451
0,150000,2,2,2,25,0,0,0,0,0,0,142827,126317,75324,78773,95375,57663,5000,4000,5000,40000,3000,2880
0,210000,2,3,1,37,-2,-2,-2,-2,-2,-2,138398,109115,101912,62959,60767,41150,5000,5000,2500,2800,2000,0
0,200000,2,1,1,35,-1,0,0,0,0,0,9918,10971,11817,17865,18239,14527,1219,1165,7865,592,807,679
0,310000,1,2,2,33,-2,-2,-2,-2,-2,-2,4040,4048,3959,205,3199,5104,4068,3964,205,3209,5109,1434
0,180000,1,1,1,38,0,0,0,0,0,2,153099,150227,138313,137274,147314,129870,7005,6500,5000,12042,32,1300
0,300000,1,2,2,31,0,0,0,-1,-1,-1,62198,35674,34979,510,2166,765,1600,2600,510,903,765,773
0,450000,2,1,2,41,-1,-1,-1,-1,-1,-1,11343,75083,25273,85357,27745,1990,75459,25413,85784,27856,2000,1900
0,200000,1,1,2,33,1,-1,-1,0,-1,-1,-5,3465,3191,1873,90687,4577,3470,3191,0,90729,0,6266
1,30000,2,2,1,67,2,2,0,0,2,2,30374,29038,27737,29499,30124,26855,0,1500,2182,1200,0,2302
0,400000,2,1,1,40,-1,-1,-1,0,0,-1,1107,3891,120338,8318,8488,130,3891,120407,0,170,130,8595
0,170000,1,1,2,33,-1,-1,-1,-1,-1,-1,764,1100,500,2499,1500,600,1105,500,2499,1500,600,2100
1,140000,2,1,2,31,-1,2,-1,-1,-1,-1,652,326,326,326,476,326,0,326,326,476,326,326
0,200000,2,2,2,35,0,0,0,0,0,0,64195,65565,66870,68752,70485,71887,3000,3000,3000,3000,2575,3000
0,60000,2,2,3,39,1,-2,-2,-2,-2,-2,-1540,-1930,-2320,-1220,0,0,0,0,2000,2000,0,0
1,60000,1,2,2,27,1,2,0,0,2,2,43356,42381,46663,49877,50734,49764,0,5000,4000,1800,0,2000
0,150000,1,1,2,23,0,0,0,0,0,0,11109,83376,79726,76986,78038,78321,78016,3048,4000,3500,3000,3000
1,180000,1,3,1,54,0,0,0,0,0,0,149698,137260,124500,111430,98182,84598,4834,4371,3849,3405,2887,2402
0,50000,2,3,2,23,0,0,0,0,0,0,43979,33403,20879,18573,17318,17936,2000,2000,2000,1000,1000,2800
0,50000,1,3,2,24,-1,-1,-1,-1,0,0,2562,8743,-290,18115,18495,18804,8769,0,18650,659,1000,1000
0,20000,1,2,2,26,-1,-1,-2,-2,-2,-2,70,-620,-620,-1400,0,0,0,0,0,1400,0,0
1,230000,2,2,2,52,2,-1,2,0,-1,-1,1292,3943,1990,1499,593,2553,3951,1,9,594,2560,3759
0,110000,2,2,1,42,0,0,0,0,0,0,55349,52914,49483,49292,49460,49470,2096,2003,1802,1783,1783,1756
0,90000,2,1,2,36,0,0,0,0,0,0,90922,80980,66503,67347,68509,67588,4273,3200,2500,2500,2631,2646
1,20000,2,1,2,22,2,2,2,2,2,2,16233,20547,20542,19572,20437,19994,5383,660,0,1538,0,2658
0,30000,2,1,2,23,0,0,0,0,0,0,26847,24815,21681,22293,17155,13470,2500,3500,2000,3500,2000,1000
1,220000,1,3,1,30,0,0,0,0,2,0,162105,170592,173969,183030,181385,174107,10000,5013,10626,52,5255,4222
1,140000,2,3,2,24,1,2,2,2,0,0,42897,45739,46468,45422,46371,47297,3821,1775,0,1833,1850,2000
0,300000,2,1,1,42,-2,-2,-2,-2,-2,-2,3000,3300,0,0,610,2165,3300,0,0,610,2165,2394
0,100000,1,2,1,49,0,0,0,2,0,0,34704,30906,28325,22160,18842,17023,2011,2028,10,558,1044,12
0,110000,1,2,2,31,2,2,3,3,2,-1,279,279,279,279,129,179,0,0,0,0,200,0
0,270000,2,3,2,33,0,-1,-1,-1,0,0,10000,10000,10000,123693,116843,110059,10000,10000,222750,5000,5008,5026
0,30000,1,1,1,42,0,0,-1,-1,-1,-1,28033,17085,200,323,29525,0,1525,200,323,29525,0,0
0,70000,1,3,2,41,0,0,0,0,0,0,70476,68539,69520,51605,50311,50729,2700,3500,2000,2000,2500,2500
0,230000,1,2,1,53,2,2,-2,-2,-2,-1,1350,0,0,0,0,470,0,0,0,0,470,0
0,20000,1,2,2,23,0,0,0,0,0,0,18852,16648,19395,20271,20445,17532,1500,4000,2000,2000,2900,2735
0,190000,2,1,2,33,1,2,0,0,0,0,115056,108137,89722,69861,49894,49727,0,4413,2942,2000,1583,1500
0,20000,2,2,1,29,0,0,0,0,0,0,15890,13995,13375,14205,15869,16666,2000,2000,1000,2000,1000,1000
0,80000,2,3,1,67,0,0,0,0,0,-1,20255,18885,21529,29236,10662,2408,6000,5002,10662,2,2408,11662
1,20000,1,3,1,33,2,0,0,0,0,-2,20500,16237,20960,6914,1017,780,2191,1000,0,1017,780,6380
1,60000,2,3,1,34,0,0,0,2,0,0,9928,11261,12853,12352,12703,13338,1500,2090,0,700,1000,1400
0,50000,1,2,1,49,0,0,0,0,0,0,10750,8755,8684,5983,4252,5034,1507,3109,2209,2000,2500,3000
1,280000,2,2,1,56,0,0,0,0,0,0,284204,284041,283396,213294,213384,213604,10261,17003,7657,7750,7861,8083
0,300000,1,1,1,42,0,0,0,0,0,0,120151,89618,47857,48128,50332,23688,4229,5024,6012,5191,12139,110247
1,30000,2,3,1,55,2,0,0,0,0,0,29278,30393,29785,30377,30155,31098,1600,1585,1377,1155,2600,0
0,270000,2,2,1,25,0,0,0,0,0,0,21586,239499,203867,188064,147915,139976,239104,7098,6179,5023,6090,4000
0,100000,1,3,2,30,0,0,0,0,0,0,87579,72308,53505,43371,48125,40388,4172,2094,3007,10021,3012,1527
1,240000,1,2,2,43,-1,-1,-1,-1,-1,-1,291,291,291,291,291,291,291,291,291,291,291,291
0,200000,1,1,2,40,-1,-1,-1,-1,-1,-1,2159,760,2775,22813,10526,326,1086,2775,22813,10526,326,573
0,110000,2,1,2,35,0,0,2,2,0,0,32691,36344,36055,36163,37028,38250,4500,600,1000,1600,2000,2000
0,230000,1,1,1,61,-1,-1,-1,-1,-1,-1,1477,3699,2252,4932,2783,7411,3710,2266,7338,2791,7433,4527
1,150000,2,2,1,44,-1,-1,-1,-1,-1,-1,390,5104,10318,5775,14441,780,5104,10318,10355,14441,780,66950
0,350000,1,1,2,33,-1,-1,-1,-1,-1,-1,148341,8095,15047,3220,20461,3249,8405,15052,3805,20467,3253,27168
0,360000,1,6,1,66,-1,-1,-1,-1,-1,-1,47615,74976,4040,151858,48580,1451,75351,4064,152618,48822,1451,171944
0,150000,2,2,2,40,1,-1,-1,-1,-1,-2,-19,3894,5570,10516,-3,-3,3913,5606,10568,0,0,2379
0,100000,1,3,2,47,0,0,0,0,0,0,94925,95130,60003,38500,4681,76728,3889,2412,1698,679,72809,2748
0,500000,1,1,2,27,0,0,0,0,0,0,204198,201648,197549,192093,187726,183860,7434,6342,5276,5271,5778,5029
0,500000,1,1,2,35,-1,0,-1,-1,-1,0,172041,70011,12976,34469,27425,28506,58761,13976,34828,28289,18175,17500
0,180000,2,3,1,47,-1,-1,-1,-1,-1,-1,316,316,316,316,316,316,316,316,316,316,316,316
0,400000,2,3,1,39,1,-1,-1,-1,-2,-1,2384,3500,471,-203,2371,1949,3603,471,203,2574,1949,1040
0,100000,2,2,2,29,0,0,0,0,0,0,61383,49560,40183,61820,8322,6182,1908,2000,1000,2000,3000,5000
0,10000,1,2,1,32,1,2,2,2,2,2,8425,8148,9481,9180,10052,10091,0,1632,0,1022,350,0
0,60000,2,1,2,30,2,2,2,2,2,2,34735,33895,36530,37133,37893,37131,0,3200,1500,1500,0,1700
1,50000,2,1,2,25,1,2,2,2,2,2,47054,48008,48913,49847,50840,49502,2000,2000,2000,1900,1900,1600
0,80000,2,2,2,23,-1,0,0,0,0,0,57314,58489,50452,51573,49061,33931,2145,2000,2012,2049,2008,1217
0,110000,2,2,1,43,0,0,2,0,0,0,108616,114854,105275,107561,105502,103813,9600,0,4000,3765,4000,4200
1,410000,2,2,1,41,0,0,0,0,0,0,354506,363666,369776,368779,369358,368043,14600,15500,14000,13580,14000,19000
0,260000,2,2,1,40,1,-1,-1,-2,-2,-2,0,342,0,0,0,0,342,0,0,0,0,0
0,30000,2,3,1,35,0,0,0,0,0,0,28786,26496,25098,26209,25325,26400,1500,1450,1500,1500,1500,1500
0,310000,2,1,2,28,0,0,0,0,-1,-1,36513,37628,39579,40879,85,4381,2500,3000,1500,85,4381,11100
0,70000,2,2,2,38,0,0,0,0,0,0,22578,23606,24619,25107,25634,26143,1397,1410,898,931,936,970
0,250000,1,1,2,31,0,0,0,0,0,0,215316,198490,169014,167776,168110,168505,6845,5945,5919,6000,6059,5837
0,210000,1,3,1,29,1,2,0,0,0,0,198510,194040,199393,194538,195990,194136,0,10000,7000,8000,8000,7200
1,360000,1,2,1,41,1,-2,-2,-2,-2,-2,0,0,0,0,0,0,0,0,0,0,0,0
0,50000,1,2,2,31,1,2,0,0,2,0,48657,45079,47714,19586,19143,20051,0,4300,2150,0,1204,1000
0,670000,1,1,2,29,0,0,0,0,0,0,244663,243209,229265,228114,232795,237726,10000,8000,8500,8190,9000,8000
0,130000,1,1,2,26,-1,-1,0,0,0,0,2343,32278,24175,15182,12805,14415,32322,1217,1000,3000,2000,390
0,170000,1,1,1,42,1,-2,-2,-2,-2,-1,0,0,0,0,0,2485,0,0,0,0,2485,7797
0,30000,1,3,2,29,-1,-1,-1,-1,-2,-2,390,0,780,0,0,0,0,780,0,0,0,0
0,110000,1,1,1,50,0,0,0,0,0,0,36802,38210,40259,41585,42913,44197,2000,3000,2000,2000,2000,2000
1,210000,2,3,2,46,1,2,0,0,-1,-1,5816,5579,20079,17309,2310,241,13,17309,0,2310,241,4000
1,30000,2,2,2,24,0,0,2,2,2,0,24238,26996,26269,27734,27151,28199,3462,0,2200,0,1500,1500
0,260000,2,2,1,46,0,0,2,2,2,0,18256,19556,18136,24018,21490,18196,2934,0,8000,0,2000,8000
0,150000,2,3,2,28,-2,-1,-1,-1,-1,-1,1723,2292,240,683,3486,5390,6876,240,683,3486,5390,1200
1,20000,2,2,1,35,1,2,2,3,2,0,18648,18061,21034,20419,19289,19600,0,3292,0,0,781,701
0,380000,2,1,1,40,-1,-1,-2,-2,-2,-2,6614,54457,47872,24543,0,0,49094,0,24543,0,0,0
0,200000,2,1,1,41,-2,-2,-2,-2,-2,-2,7812,0,0,1115,0,0,0,0,1115,0,0,0
0,120000,2,2,1,47,-1,-1,-1,-1,-1,-1,1188,2512,3444,1742,502,346,2512,3444,1742,502,346,325
1,80000,1,2,1,54,0,0,0,0,0,0,76962,79463,79761,30286,29898,30364,4000,3500,1100,1100,1200,1000
0,30000,2,2,2,33,1,2,0,0,0,0,31089,10989,11997,12397,13043,13325,0,1200,600,1000,650,650
0,110000,1,2,2,29,1,2,2,2,0,0,83687,85360,86274,84001,85897,88759,3900,3200,0,3400,4500,2600
0,50000,2,3,1,44,-1,-1,-1,-1,-1,-1,3424,155,1922,1473,1865,835,155,1922,1473,1865,835,1833
0,90000,2,2,1,24,0,0,0,0,0,0,84148,79847,75576,75266,74431,68399,5006,4007,5006,4003,3014,4007
0,110000,1,1,2,33,0,0,0,0,0,0,12633,88334,53978,23687,26567,8435,80004,1500,12013,7000,2000,4000
0,50000,1,3,1,54,0,0,0,0,0,0,38607,39681,40717,41682,42857,45581,2000,2000,1642,2000,3600,0
0,60000,1,1,2,27,-2,-2,-2,-2,-1,-1,11862,1856,-14,4839,9567,11407,1861,0,4853,9567,2000,0
1,150000,2,2,2,37,0,0,0,0,0,0,80463,82513,84271,43832,33963,34638,3348,3490,1402,1233,1240,1284
0,20000,1,1,2,24,1,2,0,0,0,-2,18738,18016,7190,7190,0,0,20,1500,0,0,0,0
1,140000,2,3,1,54,1,-2,-2,-2,-2,-2,-150,-150,-150,-150,-150,-150,0,0,0,0,0,0
0,120000,2,2,1,34,1,-1,-1,-1,-1,-1,-9,898,7752,4447,8495,0,907,7772,4447,8495,0,528
1,200000,2,2,2,40,2,0,0,0,0,0,176502,176297,162826,160186,161965,152361,8000,7300,6000,6000,6000,6000
1,20000,1,2,2,30,1,2,4,3,2,2,19977,21359,20581,19860,19690,1735,2000,0,0,0,500,0
0,50000,1,2,2,26,0,0,0,0,0,0,48221,49629,48868,49668,49780,49980,2571,1200,1000,40000,1000,0
0,200000,2,2,1,41,0,0,0,0,0,-1,18012,18367,16996,11461,8150,5584,1385,1020,229,183,5584,888
0,100000,2,2,2,29,-2,-1,0,0,0,0,75912,85276,88498,90289,92485,95630,10000,4000,2600,3000,4000,5000
0,300000,1,1,1,38,-1,-1,-2,-2,-2,-2,2285,0,0,0,0,0,0,0,0,0,0,0
0,500000,2,1,2,35,-1,-1,-1,-1,0,-1,22369,14100,24754,21443,13892,11241,14128,24902,21479,11465,11356,66710
0,360000,2,2,1,52,-1,-1,-2,-2,-2,-2,2995,2401,2277,500,3586,7399,2406,2282,500,3586,7399,600
0,160000,2,1,2,29,1,-2,-2,-2,-2,-2,0,0,0,0,0,0,0,0,0,0,0,0
1,50000,2,2,2,23,0,0,0,2,2,2,47053,47835,51109,51713,52738,48789,1842,4116,2000,1950,0,1885
1,230000,2,2,1,34,0,0,0,0,0,0,234328,234211,157345,155335,153427,150514,8913,5449,5339,5370,4435,4432
0,200000,2,2,2,34,1,-1,-1,-1,-1,-1,0,3346,0,465,1775,8722,3346,0,465,1775,8722,0
0,270000,1,1,1,44,3,3,4,4,4,4,256402,264267,271951,278509,283545,278436,17944,18112,15405,10000,0,0
0,50000,2,2,1,36,2,2,2,0,0,2,45159,49125,47956,43578,35126,34420,4700,0,2004,3500,0,1000
0,20000,1,2,2,28,1,2,2,2,0,0,15764,15718,17164,16594,18158,19554,500,2000,0,2000,1700,0
0,60000,2,2,2,31,0,0,0,0,2,0,59643,61279,61017,30117,29526,29201,3200,2535,2331,0,1073,2134
0,50000,1,2,2,31,-1,-1,-1,0,0,-1,2522,0,18171,17051,390,16526,0,18171,341,0,16526,324
0,50000,1,2,1,41,0,0,0,0,0,0,19339,20424,20086,18600,19153,19289,1703,1306,810,1000,900,900
0,130000,2,3,1,44,0,0,0,0,0,2,109006,110256,113283,101247,96939,81977,4500,5000,4000,10600,0,2300
0,230000,2,3,2,47,0,0,0,0,0,0,147300,121855,102074,94225,96616,95849,10000,5000,4000,4000,5000,4000
0,20000,1,2,2,25,0,0,0,-2,-1,0,3400,4129,0,0,3244,3314,1000,0,0,3244,124,66
0,30000,2,1,2,25,0,0,2,0,0,2,19801,20449,19798,20217,21435,19239,3000,0,700,1500,0,323
0,200000,2,1,1,39,-1,0,-1,0,0,0,8432,6977,6727,6864,5253,3388,3746,6737,2013,10,20,10901
0,140000,2,2,1,24,-1,-1,-2,-2,-1,-1,2515,0,0,0,2243,5530,0,0,0,2243,5530,4441
1,100000,2,2,1,35,2,0,0,2,2,0,98845,95265,98571,99322,96661,95951,4600,8002,4003,2,4005,4000
1,240000,1,2,1,32,2,2,2,0,0,0,127418,135942,132640,135320,138523,141618,10400,0,4500,5000,5000,5000
1,70000,2,1,2,31,2,2,7,7,7,7,2400,2400,2400,2400,2400,2400,0,0,0,0,0,0
0,360000,1,1,2,33,1,2,0,0,-1,-1,71195,60553,60158,16672,35039,8320,0,1399,0,35039,8320,5169
0,140000,2,1,2,30,1,2,0,0,0,0,149389,145757,144229,144470,144386,120586,0,5350,5555,5836,4191,4341
0,50000,1,2,1,52,-1,2,0,0,0,0,2072,1532,3106,2721,780,0,0,2000,5,0,0,0
0,210000,2,2,1,36,-1,-1,-1,0,-1,-1,396,590,2042,1646,396,396,590,2042,0,396,396,396
0,280000,1,1,2,30,1,2,2,0,0,0,191493,187913,169223,153063,133490,130377,1000,7600,5949,6000,5200,5117
1,180000,2,2,2,42,2,2,2,2,2,2,50420,51818,52372,52917,54123,55176,2500,2000,2000,2200,2100,2200
0,150000,2,1,2,30,-1,0,-1,0,-1,-1,10705,5416,5162,4068,249,249,1000,5162,1000,249,249,5565
0,20000,1,3,1,47,1,2,0,0,0,2,19739,19137,19857,15422,19279,9537,0,1200,0,9537,0,0
0,350000,2,2,1,29,-1,-1,-1,-1,-1,-1,8760,5882,9845,4677,5767,6532,5932,9908,4692,5787,6548,4863
0,130000,2,1,2,23,-1,-1,-1,0,-1,0,3820,2640,30403,9630,7120,3940,2640,30403,193,7120,79,9589
0,470000,1,3,1,39,1,-2,-2,-2,-2,-2,0,0,0,0,0,0,0,0,0,0,0,789
0,340000,2,2,1,48,-1,-1,-1,0,0,-1,4052,0,4105,2895,2895,2360,0,4105,0,0,2360,1090
0,80000,1,2,2,26,1,2,2,2,0,0,77389,75585,80300,75724,77504,79715,0,6000,0,3000,3500,3000
0,70000,1,1,2,33,0,0,0,0,-2,-2,70524,70740,46740,0,0,0,2500,2000,0,0,0,0
0,230000,2,2,1,44,-2,-2,-2,-2,-2,-2,5990,1677,2920,2683,1674,3273,1677,2920,2683,1674,3273,2749
0,180000,2,2,1,36,0,0,0,-2,-1,0,21494,25600,0,0,36565,37353,5000,0,0,36565,1548,1000
0,210000,2,2,1,39,0,0,0,0,0,-1,26749,34451,25200,19850,15530,13021,14000,3007,5000,1000,13021,22171
0,20000,1,2,2,24,-1,-1,-1,-1,-1,-1,780,0,390,390,780,0,0,390,390,780,0,0
0,140000,2,2,2,25,2,0,0,-1,-1,0,137606,140557,111000,3238,89437,91136,6000,3200,3238,89437,3228,3000
0,200000,1,1,2,52,0,0,0,0,0,0,115702,113576,109812,104567,100541,96495,5517,5381,3838,3589,3397,3296
0,50000,2,3,1,59,0,0,0,0,0,0,47822,36488,36811,13234,11543,10751,2009,2000,556,378,619,5000
0,80000,2,1,2,23,-1,-1,0,0,-1,-1,3526,6687,4356,3450,4318,0,6687,1000,0,4318,0,254
0,30000,2,3,2,48,0,0,0,0,0,0,1445,3410,5338,7239,9112,10949,2000,2000,2000,2000,2000,2000
1,140000,2,1,2,28,0,0,2,0,0,0,9305,13614,13103,14077,15189,16275,4800,0,1500,1500,1500,1500
0,80000,1,3,1,62,-1,-1,-1,-1,-1,-1,1262,1642,1975,672,5112,3932,1642,1975,672,5112,3932,20289
0,220000,2,3,1,38,-1,-1,-1,-1,-1,-1,20000,3450,5516,47619,28800,8561,3450,5549,50019,28800,8561,16599
0,180000,2,1,2,32,-1,-1,-1,-1,-1,-1,666,666,666,666,666,666,666,666,666,666,666,666
1,140000,2,2,1,29,0,0,0,0,0,0,81764,92071,43777,22806,12643,29707,20167,5000,28800,2000,20007,10009
1,180000,1,2,2,25,2,2,2,0,0,0,10022,12847,12351,12350,12608,12892,3000,0,500,455,491,500
0,50000,2,2,2,35,0,0,0,0,0,0,14536,15694,16431,17056,17581,18089,1700,1300,900,800,800,900
0,170000,2,2,2,27,0,0,0,0,0,0,97474,78520,80131,70788,68927,70678,2932,3000,2500,3000,2900,2918
0,50000,1,2,2,38,0,0,0,0,0,0,50958,50889,49697,9176,9368,9554,2042,1150,329,340,342,354
0,50000,1,2,2,24,0,0,0,0,0,0,49144,20818,17890,18310,17931,18633,1500,1300,700,1000,1000,1000
0,300000,1,2,1,29,-1,-1,-2,-2,-2,-2,1874,-200,-200,-200,-200,-200,0,0,0,0,0,0
0,390000,2,1,2,27,2,0,0,0,0,0,386301,392458,290201,295606,300709,305904,17000,11000,11000,10656,11000,12000
1,90000,2,2,1,55,2,2,0,0,0,0,81998,83674,80890,31565,33049,22694,4003,3000,3000,3000,2000,2000
0,200000,2,1,2,29,0,0,0,0,0,0,194241,193425,196537,195268,192829,192499,12000,8500,7000,10000,10000,10000
0,460000,1,1,2,29,0,0,0,0,0,0,410033,385394,325663,324067,324749,327929,16088,13039,11127,11017,11110,11113
0,10000,1,2,2,23,0,0,0,0,0,-2,3714,4158,4654,3080,0,0,1104,1000,31,0,0,0
1,20000,1,2,1,30,-1,-1,0,0,-1,-1,1261,2835,2522,1261,1261,930,2835,1000,0,1261,930,540
0,50000,2,2,1,50,-1,-1,-1,-1,-2,-1,1232,1846,697,364,0,760,1846,697,364,0,760,5862
0,480000,2,2,1,38,0,0,0,0,0,0,90258,76099,56776,37484,37906,18387,30000,1708,1292,1010,772,705
0,180000,2,1,2,24,0,0,0,0,0,0,169263,174532,176686,165491,169222,173246,8000,6700,6000,6400,7000,7000
0,240000,2,1,2,29,0,0,0,0,0,-2,3093,2322,8186,3980,0,0,2000,2020,2500,0,0,85
0,250000,1,1,2,38,-2,-2,-2,-2,-2,-2,584,3291,8660,7495,1120,62,3307,8703,7532,1125,62,7718
1,270000,2,2,2,34,-1,-1,-1,-1,-1,-1,381,3376,2958,4154,5885,3129,3406,2983,4172,5912,3143,0
0,200000,1,1,1,37,0,0,0,0,0,0,123337,11148,19165,21171,17762,23670,11202,19275,22304,23850,23784,84430
0,100000,2,3,1,66,0,0,0,0,0,0,100036,100041,100402,97141,97143,97532,4702,4617,3600,3865,3850,3705
0,160000,2,1,1,39,-2,-2,-2,-2,-2,-2,710,666,403,1650,336,790,666,403,1650,336,790,1141
0,80000,2,2,1,45,0,0,0,0,0,0,81841,74516,69485,30396,30595,29033,4100,2507,2140,2000,1500,1000
0,130000,1,2,1,44,-1,2,0,0,0,0,29547,23154,18637,14691,8769,4166,0,1500,486,303,83,780
1,340000,2,3,2,44,0,0,0,0,0,0,142836,145125,146682,150407,147868,149349,7000,5500,6027,5328,5390,6047
0,360000,1,1,1,36,-2,-1,-1,-1,-2,-2,0,394,11142,0,0,0,394,11253,0,0,0,0
0,120000,2,3,1,40,0,0,0,0,0,0,108300,108538,94833,49078,40643,4200,5000,4121,2000,2000,2000,96583
0,120000,1,1,2,29,0,0,0,0,0,0,30101,31281,30180,30471,31110,31728,2000,2000,1090,1129,1135,1200
0,300000,2,1,2,48,0,0,0,0,0,0,247279,235093,224062,212480,202148,186955,10005,9500,7500,6914,6100,5500
0,60000,2,2,2,23,2,2,-2,-2,-1,-1,2516,0,0,0,1524,25421,0,0,0,1524,25421,1000
0,210000,2,2,1,50,0,0,0,0,0,0,106724,109251,103733,102027,103453,103651,4037,3519,3442,3553,3625,3470
1,210000,2,2,1,29,0,0,0,0,0,0,209807,123664,51353,43485,44784,45685,5088,2000,1600,2000,1800,1807
1,70000,2,3,1,49,2,2,2,2,2,2,21024,21790,21142,23772,24930,25709,1400,0,3000,1700,1340,1100
0,200000,1,2,1,33,0,0,2,-1,-1,0,50612,10537,5552,2506,9443,11818,10023,27,2614,9454,5019,5015
1,230000,2,2,1,51,0,0,0,0,0,0,51802,53956,56968,58099,59318,60504,3000,3921,2079,2155,2174,2225
1,20000,1,3,1,23,-1,-1,0,0,0,0,3675,19316,19844,19844,20388,19554,19316,1261,651,803,747,155
0,210000,2,1,1,37,0,0,0,0,0,0,211749,205947,201848,168664,172013,175557,7000,10015,10000,5331,5748,48061
0,160000,2,3,2,26,-1,-1,-1,-1,-1,-1,390,390,390,390,390,390,390,390,390,390,390,390
1,290000,2,1,1,30,-1,-1,-1,-1,-1,-1,1312,1312,1311,1486,1488,1650,1318,1317,1493,1495,1657,35267
0,80000,2,3,1,26,0,0,0,0,0,0,63677,64162,38141,38190,38586,39962,2000,1905,1350,1388,2401,1410
0,360000,1,1,2,43,-1,-1,-2,-2,-2,-2,4134,2128,960,6658,0,0,2134,982,6858,0,0,0
0,230000,1,1,2,32,0,0,0,0,0,0,164634,166134,142049,106677,88091,60929,7326,10000,10000,3000,2000,2000
0,360000,1,3,1,54,-2,-2,-2,-2,-2,-1,16230,-200,0,0,69000,2500,0,200,0,69000,2500,0
0,340000,2,1,1,30,0,0,0,0,0,0,351828,280067,259651,243094,223907,216912,30076,25118,20085,10041,8184,6626
0,50000,2,1,2,22,0,0,0,0,0,0,8537,9591,10581,10818,11050,10880,1200,1163,400,790,400,380
0,80000,1,2,2,38,0,0,0,0,0,0,89394,81223,77198,29891,34528,35229,5000,19153,1500,10000,1274,1275
0,50000,2,2,2,24,0,0,-1,-1,0,0,97043,39837,6928,17006,17363,17707,2000,6943,17006,630,633,657
0,30000,2,1,2,24,-1,-1,-1,0,0,0,3019,1479,18860,950,5660,0,1479,18881,0,4710,0,7153
0,210000,1,1,2,26,-1,-1,-2,-1,-1,-2,1360,0,0,3620,0,0,0,0,3620,0,0,15513
1,150000,2,2,1,42,-1,-1,-1,-1,-1,-1,3260,2270,5887,3935,3935,3935,2270,5887,3935,3935,3935,3935
0,20000,1,2,2,21,0,0,-1,0,0,-2,20297,17054,2333,1300,0,0,1240,2333,0,0,0,0
1,20000,1,3,2,22,0,0,0,-2,-2,-2,19624,16972,0,0,0,0,1000,0,0,0,0,0
0,240000,2,3,1,41,-1,-1,-2,-1,-1,-1,5325,-5,-5,1074,1972,1876,5,0,1079,1977,1885,1211
0,500000,2,2,1,50,-2,-1,-1,-1,-1,-1,16984,86772,53170,28622,19140,0,87004,53192,28622,19140,0,20211
1,90000,2,2,1,23,0,0,0,0,0,0,12770,14241,14895,25195,23769,2269,2500,1200,10500,7000,1000,0
0,50000,1,3,2,46,0,0,0,0,0,0,50131,28152,20746,27624,16015,16746,1388,2011,1006,1000,1000,1000
1,50000,2,2,2,22,0,0,0,0,0,0,50834,50770,50215,29386,29527,30125,2200,1517,1000,1500,2005,1305
0,680000,1,1,2,37,0,0,0,0,0,0,18314,16088,17806,15498,13810,164969,2700,2400,600,400,161000,5800
0,50000,1,1,1,47,0,0,2,2,2,2,45717,47974,49837,50807,49947,50424,3000,3000,2000,0,5000,0
0,100000,2,2,1,40,-1,-1,-1,0,-1,-1,326,326,652,326,326,326,326,652,0,326,326,652
0,280000,2,1,2,30,0,0,0,0,0,0,270276,506260,263734,268216,262895,264508,11000,10000,10004,10020,10100,10000
1,30000,1,2,2,54,0,0,0,0,0,0,26278,24767,27533,26400,25620,390,1700,3400,2528,0,390,780
1,50000,1,2,2,27,2,2,0,0,0,0,23901,13262,8643,7382,1975,50514,4146,1200,0,0,49800,0
0,60000,1,1,1,33,-1,-1,-1,-1,-1,-1,8308,7565,8373,7565,7565,7565,7565,8373,7565,7565,7565,7565
1,120000,1,2,1,57,0,0,0,0,0,0,118709,120580,118684,88557,91124,88094,5000,5007,4000,4003,4003,4000
0,80000,2,2,1,35,-1,-1,-1,-1,-1,0,2890,9796,13443,396,396,396,9796,13443,396,396,0,396
0,500000,1,1,1,45,-1,-1,-1,-1,-1,-2,140,94,39,44,0,0,94,39,44,0,0,790
0,70000,2,3,1,32,2,2,0,0,0,-1,18317,17330,11400,11120,10914,11315,0,1000,110,500,18963,1000
0,160000,2,2,1,45,-2,-2,-2,-2,-2,-2,0,0,0,1468,0,0,0,0,1468,0,0,0
1,100000,2,3,1,50,2,2,2,-1,0,0,110537,99734,99973,71008,66735,68621,0,3000,103000,2500,3000,3000
0,10000,1,3,2,35,0,0,0,0,0,0,7877,8918,9864,9673,9414,9156,1174,1120,310,316,1000,2000
0,90000,1,1,2,26,-1,-1,-1,-1,-1,0,10750,100,200,100,9894,20699,100,200,0,9894,20000,4100
1,170000,1,1,1,39,2,2,2,2,4,3,74298,80073,81959,89991,88018,86299,7000,3800,10000,0,0,3100
0,90000,2,2,2,35,-1,-1,-1,-2,-2,-2,2667,2667,0,0,0,0,2667,0,0,0,0,0
0,180000,2,3,2,42,0,0,0,0,0,0,67414,61256,66668,83568,90418,88898,10000,10000,17500,7000,25000,33600
1,350000,2,1,1,52,2,2,7,7,7,7,2400,2400,2400,2400,2400,2400,0,0,0,0,0,0
0,270000,1,2,2,35,0,0,0,-1,-1,-1,225400,220202,215056,10506,10224,9233,9000,9348,10600,10300,9300,1000
1,200000,2,1,2,29,0,0,-1,0,0,-2,65935,25574,28727,19164,0,0,1011,31209,383,0,0,0
0,20000,2,1,2,22,0,0,0,0,0,0,15829,15299,16262,16749,13764,18732,1600,1550,1000,1000,5283,0
0,100000,1,2,2,30,0,0,0,0,0,0,44953,46922,48677,49496,51010,32630,3000,3000,2000,2000,2000,2000
0,290000,1,1,1,46,0,0,0,0,0,0,194301,199451,198684,87700,88621,53243,10744,6000,1573,1629,3129,105423
0,70000,1,3,2,28,1,2,0,0,0,0,68970,67308,68582,68361,68060,68223,0,3005,2546,2602,2430,2659
0,230000,1,1,2,26,-2,-2,-2,-2,-2,-2,416,371,416,416,566,416,371,461,416,566,416,0
0,180000,2,1,2,28,-1,-1,-1,-1,-1,0,950,4369,9673,2861,12338,9124,4369,9673,3260,13959,3000,18396
0,210000,1,1,2,33,-1,-1,-1,-1,-1,-1,291,291,291,291,441,291,291,291,291,441,291,291
0,50000,1,1,2,24,2,2,0,0,0,0,49946,48808,45469,20228,18900,19066,0,2079,693,1080,700,1004
0,150000,1,1,2,37,0,0,0,0,0,0,45000,44386,46505,49103,51698,52549,3000,2500,3000,3000,1546,2000
1,380000,1,2,1,50,0,0,0,0,0,0,385662,294826,220022,154283,35270,332270,12020,9009,6109,3000,332000,12000
0,50000,1,2,1,44,0,0,0,0,0,0,45335,46027,30286,26275,26823,27371,1524,1427,941,972,992,1000
1,150000,2,3,1,43,-1,-1,2,0,-1,-1,264,948,632,316,316,1414,1000,0,0,316,1414,0
0,220000,1,2,2,29,0,0,0,0,0,0,122286,122839,123035,114385,115903,118528,5008,5007,6007,5000,4700,5503
0,80000,2,5,2,27,0,0,0,0,0,0,45268,47140,47411,48443,49478,43264,2600,1800,1700,1700,1700,1300
0,220000,2,2,1,32,0,0,0,0,0,0,194961,197536,203251,208355,213015,217475,7200,9000,10000,8000,8010,8500
0,70000,2,2,2,34,1,2,2,2,0,0,24208,25015,27189,26456,28361,31873,1500,2900,0,2500,4000,0
1,120000,1,2,2,37,-1,2,0,0,0,2,16241,16680,17695,17901,19608,19143,1000,1600,800,2000,0,1600
0,180000,2,2,2,32,0,0,0,0,0,0,20730,17107,35884,31057,29052,25933,1582,30000,1000,1000,1000,1000
0,50000,2,3,1,57,0,0,0,0,0,0,49017,50690,47487,48319,48449,49656,2500,2000,2000,1746,2000,1800
0,10000,2,2,3,46,1,2,0,0,0,0,9532,9236,10047,8775,8984,7628,0,1006,1390,1000,1000,2000
0,370000,2,1,1,53,-1,-1,-1,-1,-1,0,21160,8153,12094,30751,30131,9630,8162,12294,30751,30131,0,0
0,20000,2,1,2,26,-1,0,-1,-1,-1,-1,10658,9288,390,390,390,0,1072,390,390,390,0,780
0,150000,1,2,1,34,0,0,0,0,0,0,132214,135140,135263,137540,144786,146379,4414,4700,4306,10006,4822,4112
1,20000,1,1,2,26,-1,-1,-1,-1,-1,-1,416,416,416,416,416,982,416,416,416,416,982,0
0,480000,2,2,1,54,-2,-2,-2,-2,-2,-2,17189,6013,1717,1385,0,0,6026,1717,1390,0,0,2300
0,50000,1,3,2,26,0,0,0,0,2,0,25060,26649,28202,30727,30098,32580,2000,2000,3000,0,3000,3000
0,170000,1,2,2,31,0,0,0,0,0,0,24581,25611,26631,27383,27801,31337,1728,1748,1500,1011,4000,0
0,400000,2,2,2,30,-2,-2,-2,-2,-2,-2,-200,-200,-200,746,3956,2500,0,0,946,3956,2500,0
0,200000,2,1,2,31,0,0,0,0,0,0,38635,41031,45929,48661,49723,50896,3031,5929,3500,2000,2000,11028
0,360000,1,1,2,34,1,-2,-2,-2,-2,-1,0,0,0,0,0,150,0,0,0,0,150,59
0,140000,2,5,2,36,0,0,0,0,0,0,91226,83650,80037,53055,102587,98251,4182,4000,4000,98000,4000,3500
0,260000,1,3,1,34,-2,-2,-2,-2,-2,-2,12071,12497,1027,-103,-103,1047,2114,1027,103,0,1150,2503
0,440000,2,2,2,26,0,0,0,0,0,0,96190,90462,78267,71795,51812,25064,3513,3017,2037,2019,3010,3004
0,500000,1,2,1,43,0,0,0,0,0,0,12200,8140,10176,20719,15665,8074,1518,5019,15027,639,547,50274
0,230000,2,2,1,29,0,0,0,0,0,0,64982,44908,51535,24607,28279,48934,3000,11000,15000,13000,36000,3000
0,470000,1,2,1,41,-2,-2,-2,-2,-2,-1,13780,12242,32463,20621,13711,8294,12300,32520,34,68,8334,45684
1,20000,2,3,1,48,1,2,2,3,2,2,14589,16743,17522,17055,10400,0,2700,1400,0,0,0,0
0,210000,2,2,2,24,0,0,0,0,0,0,108491,111046,110716,97168,94524,96777,5800,3700,3505,3400,3769,3229
0,20000,2,1,2,23,0,0,-2,-1,0,0,6733,0,0,19132,19533,20235,0,0,19132,709,1027,600
0,20000,2,3,1,53,0,0,0,0,0,0,12197,13292,14362,14821,15143,15737,1600,1600,1000,710,1000,1000
0,200000,2,2,1,34,1,-1,-1,-1,-1,-1,-2,758,998,668,9815,36870,760,1000,670,9852,40063,1049
1,250000,2,2,2,36,0,-1,-1,0,0,0,6220,27217,6149,26202,6906,3855,27225,6159,25846,0,3855,3876
0,300000,1,2,2,41,0,0,0,-1,-1,2,34480,31159,18580,1400,6297,977,1472,1000,1410,6297,0,19480
0,320000,2,1,2,30,0,0,0,0,0,0,113801,90354,88467,79241,83530,90573,5017,4057,4014,8531,15005,5033
0,50000,1,2,2,29,1,2,2,2,0,0,37170,36297,39863,38924,39744,40533,0,4500,0,1600,1600,1600
0,200000,2,2,1,34,-2,-2,-2,-1,-1,-1,6626,2469,3760,4273,3015,5076,2476,3771,4285,3023,5088,6282
1,80000,2,1,2,29,0,0,0,0,0,0,16936,17963,18976,19660,20343,21003,1303,1316,1000,1000,1000,933
1,70000,1,2,1,37,-1,2,0,0,-1,-1,10323,6659,6740,3559,7086,6979,0,3559,189,7086,3370,0
0,60000,1,3,2,36,3,2,0,0,0,0,56807,55339,55751,37851,34195,33499,0,2141,2000,2000,2000,2000
1,10000,2,3,2,22,0,0,2,0,0,0,10012,9784,9473,8947,9135,8613,2452,7,308,320,328,1000
0,50000,2,3,2,30,0,0,2,0,0,0,50332,51247,50073,26550,25842,25996,4210,0,1500,1090,2000,2000
1,140000,1,2,2,26,2,0,0,0,0,0,133572,135367,113272,115685,118171,120550,6169,4500,4287,4500,4500,9500
0,30000,1,2,2,25,0,0,0,0,0,0,7160,8185,9286,9483,9780,10068,1300,1400,500,600,600,600
0,190000,1,2,1,49,-1,-1,-1,-1,-1,0,435,435,635,2084,161110,149941,435,635,2084,161110,5800,4138
0,70000,2,1,2,23,-1,-1,-1,-1,-1,-1,853,3128,4719,100,1610,690,3128,4722,0,1610,0,10909
0,330000,2,2,1,28,-1,-1,-1,-1,-1,-1,390,0,780,150,320,780,0,780,150,320,1000,0
0,110000,2,2,2,24,0,0,0,2,0,0,6470,8610,15123,9761,9717,8046,2654,7230,0,463,393,151
0,270000,1,3,1,47,0,0,0,0,0,0,165303,168837,172281,175705,179582,184650,6200,6254,6290,6710,8250,0
1,160000,1,2,1,31,3,2,0,0,0,0,26295,27074,28314,29341,31690,33993,1500,2000,1500,3000,3000,1500
0,20000,1,2,2,24,3,2,0,0,-1,-1,18937,18350,18918,19323,13180,5200,0,1251,656,13180,5200,0
0,320000,1,2,2,32,0,0,0,0,0,0,21460,23412,25331,25741,26800,28817,3000,3000,1500,2000,3000,2000
0,430000,1,1,2,31,0,0,0,0,0,0,29860,39305,43020,45540,8342,8310,10000,5000,5540,8310,5640,2820
0,50000,2,1,1,37,2,0,0,0,-1,2,8014,7668,7081,5738,6461,4822,1200,1000,91,11283,0,1000
1,140000,1,2,1,48,-1,-1,2,0,0,-2,1600,5012,4739,4739,0,0,5012,0,0,0,0,2770
0,500000,1,2,1,49,-2,-2,-2,-2,-2,-2,4214,6378,4074,116446,9335,3312,6378,4074,116446,9335,3312,43664
0,80000,1,3,1,45,0,0,0,0,0,0,26637,26437,26686,28372,28345,27279,1490,2000,2000,3000,5000,865
0,390000,2,1,1,34,1,-2,-1,-1,-2,-2,0,0,1266,0,0,0,0,1266,0,0,0,0
0,250000,2,1,1,43,-1,-1,-1,0,0,-1,17454,-50,45297,17371,11481,5922,24890,48394,0,5461,15000,6000
0,390000,2,1,2,31,-2,-2,-2,-2,-2,-2,6466,6266,12578,7650,48090,17013,6266,12581,7650,48090,28973,17271
0,100000,2,1,1,35,0,0,0,0,0,0,57612,58818,60841,61434,62743,66677,2134,3000,2200,2300,5000,3000
0,360000,2,1,1,42,0,0,0,0,0,0,179851,186961,201703,189455,194373,207022,10005,20117,15018,10027,20057,17000
0,140000,1,1,2,36,1,-1,-1,0,0,-1,-5,1135,17227,12918,10898,823,1140,17227,0,365,840,4507
0,110000,1,2,1,51,0,0,0,0,0,0,45964,46922,48140,49339,50542,52689,2000,2000,2000,2000,3000,2000
0,170000,1,3,1,48,2,-1,-1,0,-1,-1,316,316,632,316,466,316,316,632,0,466,316,0
0,170000,1,2,1,48,0,0,0,0,0,0,137823,137199,136331,123913,122657,122225,5396,5000,5000,5000,5000,4000
0,180000,2,2,2,25,0,0,0,0,2,2,4745,5765,6631,8386,8109,8820,1257,1123,1878,0,1000,0
0,140000,1,2,1,41,0,0,0,0,0,0,109326,111679,113921,114348,111382,112458,5600,5600,4500,4200,4500,4500
0,20000,2,2,1,49,0,0,-1,-1,0,0,13882,13342,808,18910,19306,19809,2018,404,19000,677,800,601
0,150000,1,1,2,28,-2,-2,-2,-2,-2,-2,0,0,0,0,0,0,0,0,0,0,0,0
0,50000,2,2,2,28,0,0,0,0,0,0,48072,49518,49500,19600,20000,0,2518,1500,500,400,0,0
1,160000,2,2,1,38,1,-2,-2,-2,-2,-2,0,0,0,0,0,0,0,0,0,0,0,0
0,80000,1,2,1,41,-2,-2,-2,-2,-2,-1,3153,1013,0,0,2115,4264,1013,0,0,2115,4264,0
1,300000,2,3,2,29,-2,-2,-2,-2,-2,-2,-140,28092,3572,195,209,990,28232,3589,195,210,994,0
0,60000,2,3,2,32,0,0,0,0,0,0,62552,26929,27967,28526,28275,29151,1500,1500,1003,1500,1500,1044
1,70000,2,2,2,26,2,2,2,3,2,2,42583,43600,47550,46487,47298,46384,2000,5000,0,1700,0,3700
0,290000,2,1,2,31,-1,-1,-1,-1,-1,0,632,0,480,-150,66675,68071,0,480,4,69001,2500,3000
0,80000,2,1,2,23,0,0,0,-2,-2,-2,8766,4777,0,0,0,0,1600,0,0,0,0,0
1,50000,2,3,1,53,1,-2,-2,-2,-2,-2,0,0,0,0,0,0,0,0,0,0,0,0
0,200000,2,3,2,49,-1,-1,0,0,0,-1,7697,18951,27974,30596,38109,22170,20071,20036,15022,15113,22235,3919
0,200000,2,1,1,34,-2,-2,-2,-2,-2,-2,267,6794,10430,3576,2522,934,6817,10671,3576,2522,934,7764
1,50000,2,1,2,22,-1,-1,-1,-1,-1,-1,586,297,3674,1392,3085,3450,297,3675,1392,3086,3492,3721
0,20000,2,2,2,26,2,-1,0,0,0,0,1041,10757,11094,9351,8562,8058,10758,2679,502,224,513,9
1,200000,1,1,1,38,-1,-1,-1,-1,-1,-1,6186,735,1463,15550,5045,6709,735,1463,15550,5045,6709,3021
0,120000,2,1,2,35,1,2,0,0,0,0,77785,75984,78109,79198,80865,82859,0,4000,2988,3100,3500,6382
0,220000,2,2,1,49,0,0,0,0,0,0,172184,170697,168041,163783,160806,158866,7583,7461,5809,5608,6500,6100
0,630000,1,1,2,40,0,0,0,0,0,0,440474,444370,455286,327021,334558,341439,18000,20000,12000,13000,13022,13016
0,300000,2,1,2,34,-1,-1,-1,-1,-1,-1,19357,5000,3744,8059,3425,11860,5032,3744,8059,3425,11860,7595
1,10000,2,2,2,49,1,2,0,0,0,0,8184,5011,5728,4255,2782,1309,0,1000,0,0,0,0
0,50000,1,2,2,29,1,-2,-2,-2,-2,-2,0,0,0,0,0,0,0,0,0,0,0,0
1,280000,2,1,1,39,-1,0,-1,-1,-1,-1,7791,5851,430,2041,775,580,1000,430,2041,775,580,1029
0,130000,1,1,2,30,0,0,0,0,0,0,4536,5616,6455,6791,6991,0,1161,1000,336,200,0,0
0,30000,2,3,1,28,0,0,0,2,0,0,23182,19083,19632,15252,14021,13793,2000,2000,0,1500,1353,0
0,50000,2,2,1,27,0,0,0,0,0,0,9877,10800,5921,6042,4012,0,1140,1000,121,0,0,10620
0,70000,2,3,1,38,0,0,0,0,0,0,24758,25581,16105,17571,18330,16268,1273,1534,2000,1000,1000,1000
0,80000,1,2,2,29,0,0,0,0,0,0,41815,42938,44022,44792,45915,46998,2100,2100,1800,2000,2000,2500
1,20000,2,2,1,22,2,2,2,0,0,0,16726,19143,18391,18562,11798,0,3000,0,371,1236,0,0
0,390000,1,1,1,41,0,0,0,0,0,0,495559,248821,216051,208373,199727,186332,10218,8035,7035,6056,8053,5603
0,470000,2,2,2,32,0,0,0,0,0,0,147113,133486,125159,120869,60507,53100,5000,4500,2505,50000,3000,3000
0,240000,2,2,2,30,0,-1,-1,-2,-2,-2,7818,9363,0,0,0,0,9434,0,0,0,0,178
0,140000,2,1,2,29,-1,-1,-1,-2,-2,-2,14943,2888,0,0,0,0,2888,0,0,0,0,0
1,260000,2,2,1,37,2,2,2,0,0,0,244738,251351,244949,248273,119124,132619,12000,0,11000,4321,20000,27
0,150000,2,1,2,25,1,-2,-1,-1,-1,-1,191,1963,4729,1568,4295,0,1964,4729,1568,4295,0,1895
0,120000,1,1,1,46,0,0,2,2,2,2,14682,17325,17936,18536,19091,19629,3200,1200,1200,1000,1000,0
0,20000,2,2,1,47,0,0,0,0,0,2,18021,17352,17667,18187,20499,20718,1280,1293,813,2770,703,0
0,260000,2,4,2,42,-1,-1,-1,-1,-1,-1,399,2101,577,0,200,0,2101,577,0,200,0,664
1,50000,1,3,2,22,0,0,0,0,0,0,42678,38239,22691,8807,7143,6967,1500,1100,1000,500,500,1000
0,180000,2,2,2,27,2,2,2,2,0,0,126195,127881,128491,124080,126154,130064,6000,4575,0,4600,6000,3100
0,310000,2,5,1,35,1,-2,-2,-2,-2,-2,10350,0,0,0,0,0,0,0,0,0,0,0
0,360000,1,2,1,44,-1,-1,-1,-1,-1,-1,5101,9358,15452,9990,6515,5694,9419,15485,9995,6515,5694,12785
0,180000,2,2,2,30,0,0,0,0,0,0,14445,15404,19885,22355,22902,15373,1500,4911,10355,10902,3500,5493
0,270000,2,1,1,42,2,2,5,5,4,3,1250,1250,1250,1250,650,350,0,0,0,0,0,0
0,70000,1,1,2,28,0,0,0,0,0,0,67857,69711,64947,26022,28575,21460,3000,1500,13959,3000,1500,4000
0,50000,1,2,2,24,-1,-1,-1,-1,0,-1,2155,0,1978,14207,8602,7201,0,30300,14207,602,7201,383
0,30000,2,3,2,50,-2,-2,-2,-2,-1,2,0,0,0,0,7092,6832,0,0,0,7092,0,0
0,50000,2,2,1,54,0,0,0,0,0,-1,11351,11449,6515,2315,1817,2081,1150,1012,46,36,2081,2270
0,350000,1,2,1,37,-1,-1,-1,-1,-1,-1,325,294,6574,3543,1654,6186,294,6636,3559,1659,6215,325
0,200000,1,1,1,58,0,0,0,0,0,0,192461,195970,122214,124647,126921,129167,7822,4417,4446,4597,4677,4698
0,80000,1,3,2,26,1,2,2,2,2,2,71661,69947,74755,75732,74397,80138,0,6000,2800,0,7000,8
0,60000,2,2,1,31,0,0,0,3,2,2,47000,49236,57752,56243,55213,58700,3000,10000,0,0,4400,2200
0,30000,1,1,1,52,0,0,0,2,0,0,15743,16784,18998,18395,19100,20582,1300,2500,0,1000,1800,0
0,110000,2,1,2,36,0,0,0,0,0,0,108316,100784,88568,43720,42138,43085,4600,3500,2000,2000,1800,1700
0,300000,2,1,2,27,-1,-1,-1,0,0,0,42189,83754,120927,105303,82475,33262,83754,120927,0,716,25213,92250
0,50000,2,3,1,22,0,0,0,0,-1,0,22854,31329,23927,0,83,20083,9000,1507,0,83,20000,600
0,500000,1,1,2,39,-1,-1,-1,-1,0,-1,2450,11833,22963,7086,5453,1486,11833,22963,7086,0,1486,7570
0,360000,1,1,2,36,-1,-1,-1,0,0,0,356913,208305,68214,168014,16209,18918,210000,170000,100000,3000,3000,5000
0,20000,2,2,1,39,1,2,2,0,-1,-1,14112,11221,10656,7928,580,0,3520,0,1000,580,0,0
0,220000,1,1,1,39,0,0,0,0,0,0,75190,151004,152786,137946,118310,119147,100000,8000,6000,5000,5000,5000
0,20000,2,2,2,22,0,0,2,0,0,2,11192,15677,15133,15582,16677,16259,5000,0,1000,1500,0,700
1,60000,1,2,1,37,3,4,3,2,2,2,30381,29986,29210,29729,30505,32232,366,0,1300,1400,2400,2300
0,170000,2,1,2,30,-1,0,-1,-1,0,-1,1560,1280,590,1168,2160,145564,1000,590,1168,1582,145564,5069
0,200000,2,2,1,26,0,0,0,0,0,0,47236,45200,35939,34096,34876,34615,1800,1603,2000,2500,1500,1500
0,20000,2,1,2,23,0,0,0,0,0,0,19990,20038,19571,14362,15127,15872,1438,1300,1000,1000,1000,2000
0,140000,2,3,2,23,-2,-2,-2,-2,-2,-2,67505,36772,38399,39131,39508,3441,2000,2400,2132,1617,515,2031
0,330000,2,1,2,35,-2,-2,-2,-2,-2,-2,1663,0,0,0,29221,3194,0,0,0,29221,3194,0
1,180000,2,2,2,24,1,2,2,2,2,2,108580,105403,112073,111345,98404,102460,0,8564,4000,0,7414,0
0,360000,2,2,1,35,0,0,0,-1,-1,0,5157,2461,0,277,2599,3941,1012,0,277,2602,2019,1123
0,20000,1,3,1,51,2,0,0,0,0,0,14815,15837,16852,17188,17546,17895,1264,1279,615,635,639,664
0,50000,2,1,2,23,0,0,0,0,0,2,34422,32703,22851,6699,10060,7737,1544,1000,0,3361,0,100
0,100000,2,2,1,25,0,0,0,0,0,0,20755,20043,19778,24939,28639,8370,2000,2000,6000,4000,4000,3000
0,30000,1,2,1,36,2,2,0,0,0,0,30573,28473,29083,28313,28932,29565,0,2000,940,1000,1106,0
1,70000,2,2,1,44,0,0,0,0,0,0,4221,6642,8361,10208,11038,11848,2500,2000,2000,1000,1000,1000
0,470000,1,1,2,33,-1,-1,-1,0,0,-1,5613,11576,7017,1185,0,542,11606,7017,24,0,542,208896
0,300000,2,1,1,36,-1,-1,-2,-2,-2,-2,8385,-27,-27,-27,-27,-27,27,0,0,0,0,0
1,300000,2,1,1,45,-1,-1,-1,0,0,-1,6608,10009,22456,22056,14020,1230,10017,22456,0,0,1230,0
0,200000,2,1,2,26,-2,-2,-2,-2,-2,-2,2179,6440,3908,-5,1060,2996,6440,3908,5,1065,3000,1108
0,150000,2,2,1,41,0,0,0,0,0,0,79021,77975,74749,80757,83685,81569,4023,3016,10000,4011,3073,3005
1,220000,2,2,2,25,0,0,0,0,0,0,165040,167485,148133,123266,125736,128342,6809,7038,5000,4500,5000,4473
0,420000,1,1,2,31,-2,-2,-2,-2,-2,-2,1569,563,1914,1189,1208,4964,565,1923,1194,1214,4988,296
0,210000,2,2,2,45,-2,-2,-2,-2,-2,-2,467,2050,416,416,416,416,2050,416,416,416,416,416
0,450000,1,3,1,58,-1,-1,-1,-1,-1,-1,8940,6239,5535,9856,819,863,6271,5740,9905,823,867,2488
0,30000,1,2,1,38,-1,-1,-1,-1,-1,-1,184,1522,0,5480,175,-2000,1522,0,5480,175,0,2000
0,240000,1,2,1,30,-1,-1,-1,-1,-1,-1,2816,7608,26832,3518,1280,5900,7608,26834,3518,1280,5900,1319
0,420000,2,2,2,25,-1,0,0,0,0,0,28206,122212,117835,112705,111357,108306,100000,4013,3822,4086,3800,3600
0,60000,2,1,2,25,0,0,0,0,0,0,57174,58559,60586,39144,39615,39334,3000,3800,3300,1900,1600,1500
0,30000,2,3,2,24,-1,-1,-1,-1,-1,-1,4882,14630,6323,2870,1485,3926,14630,6485,2870,1485,3926,0
0,80000,2,1,2,29,-2,-2,-1,2,2,3,2673,0,317,317,1521,1204,0,317,0,1204,0,0
0,50000,1,2,2,37,0,0,0,0,0,0,48206,48659,47248,48241,49196,50296,2120,1750,1700,1800,2023,2113
0,230000,1,3,2,27,-2,-2,-2,-2,-2,-2,19200,10000,20176,10000,10000,10000,10000,20176,200,10000,10000,10000
0,200000,1,1,2,31,0,0,0,0,0,0,6618,6777,7957,4667,76187,74900,1900,3008,3500,73000,2700,3800
0,230000,2,2,2,28,0,0,0,0,0,0,12218,17667,20345,39945,41352,11032,6000,3500,20000,2000,1500,8000
0,130000,2,2,2,24,0,0,0,0,0,0,122750,118319,61466,48288,48898,49699,4966,2034,1710,1765,2000,2672
0,200000,2,3,2,27,1,-2,-2,-2,-2,-2,0,0,0,0,0,0,0,0,0,0,0,0
0,90000,2,1,2,33,0,0,0,0,0,0,80919,87993,17316,18026,18559,19097,9000,1500,1000,824,1000,857
0,120000,1,1,2,27,-1,-1,-1,-1,0,0,316,316,1360,9474,10158,2551,316,1360,10000,1000,2000,3000
0,200000,1,1,2,42,-2,-2,-2,-2,-2,-2,470,740,3774,836,1325,1440,740,3782,836,1325,1440,506
0,20000,2,2,2,32,2,3,2,2,2,0,17757,17193,16602,19521,18925,18806,0,0,3200,0,900,633
1,210000,2,1,1,37,2,2,2,2,2,2,76089,77985,79104,80399,81462,83366,3700,3000,3200,2500,3400,4300
0,80000,2,2,2,44,0,0,0,0,0,0,80610,81008,80725,50472,50340,42393,6502,4000,1889,2000,7700,9600
0,50000,2,1,1,29,0,0,0,0,0,0,50486,50035,49388,10275,9598,8382,2200,1192,1000,2000,1000,1500
1,70000,2,2,1,42,2,2,2,2,2,2,50886,51975,52527,53560,54653,55797,2200,2000,2500,2100,2200,2100
1,230000,1,2,2,32,2,2,2,2,2,2,189567,189023,187521,182671,174794,182160,9000,6300,6200,500,12500,0
0,20000,1,2,2,52,0,0,0,0,0,0,17420,19130,20340,19940,19940,0,2000,2000,0,0,0,0
0,30000,1,2,2,44,-1,0,-1,0,-1,-1,21043,21183,1754,666,1339,1748,1196,1757,2,1443,1949,0
1,100000,1,1,2,31,2,2,2,2,2,2,33752,32928,35572,34700,36942,36196,0,3200,0,2800,0,1511
1,80000,2,1,2,29,0,0,0,2,0,0,81337,80290,82215,80422,78284,77270,2842,20412,0,3000,3000,3000
0,210000,1,2,2,33,0,0,0,0,0,0,187610,191592,195739,198081,202410,206582,8500,9000,7100,7510,7700,9051
0,50000,1,2,2,54,1,2,0,0,0,0,48153,46885,27168,27585,27910,27380,0,1400,1200,1500,1000,1500
0,130000,2,2,2,23,0,0,0,0,0,0,133622,129784,126021,70186,71762,73192,4752,5010,2505,2700,2623,2800
0,70000,2,1,2,24,0,0,2,2,2,2,48432,52650,53099,51648,55409,54366,5000,1900,0,4600,0,2300
0,210000,2,1,1,33,0,0,0,0,0,0,17420,16182,14109,10955,11217,11367,1236,1613,1000,552,607,1500
1,100000,1,3,1,44,-1,-1,-1,-1,-1,-1,780,0,390,390,390,390,0,390,390,390,390,390
0,200000,1,3,0,51,-1,-1,-1,-1,0,-1,3556,4993,9212,2529,1036,4430,5020,9236,2529,0,4430,6398
1,40000,1,1,2,24,1,2,0,0,0,3,28926,28182,28912,29495,33011,32194,0,1500,1064,4000,0,0
0,80000,2,2,2,25,2,3,2,2,2,2,69602,67930,72205,73116,74801,73444,0,6000,2700,3000,0,5300
1,210000,2,1,1,37,1,-1,-1,-1,-1,-1,0,732,873,148,129,292,732,873,148,129,292,0
0,20000,2,2,2,23,-1,-1,-1,2,-1,-1,7186,3478,137,1714,17694,12237,8060,137,5199,17694,575,0
0,10000,1,3,2,34,0,0,0,0,0,0,8813,8464,9474,9716,9960,10188,2148,1158,400,400,400,300
1,60000,2,3,1,50,0,0,0,0,0,0,61600,61952,60661,29095,17636,31406,3300,2000,900,889,21500,3600
0,40000,2,2,1,25,0,0,0,0,0,0,11273,12307,13348,13530,13811,14132,1520,1550,700,648,700,700
1,290000,2,1,2,33,-1,-1,-1,-1,-1,-1,413,486,820,60,1773,3904,486,820,60,1773,3904,0
0,50000,1,2,1,54,-2,-2,-2,-2,-2,-2,1583,2134,0,2025,0,1924,2134,0,2025,0,1924,0
0,20000,1,2,2,25,0,0,0,0,2,2,17384,13648,13924,15685,15292,17524,1500,1400,2000,0,2500,0
0,30000,1,2,2,26,0,0,0,0,0,0,33195,32705,32406,32167,31728,31061,1600,1500,1500,1300,1261,1003
0,20000,1,2,1,32,0,0,0,0,0,2,17104,18134,19123,19351,20411,19947,1613,1602,830,1512,0,545
0,50000,2,3,3,43,0,0,0,0,0,0,24443,24391,23595,22590,21788,21949,1800,1400,800,1000,900,900
1,500000,1,2,1,42,1,-1,2,2,0,0,-984,3516,1924,1924,8924,6729,4500,0,0,7000,36,532
1,90000,2,3,2,24,-1,-1,-1,-1,-1,-2,595,207,18189,557,0,0,207,18281,557,0,0,0
0,10000,1,2,2,26,0,0,0,0,0,0,15147,6641,15318,8610,8790,8963,2234,1135,1086,319,319,180
1,50000,2,2,1,37,2,2,3,3,3,3,1050,1050,1050,1050,1050,1050,0,0,0,0,0,0
0,120000,1,1,2,36,0,0,2,0,0,2,24466,28255,27507,27952,31136,30486,4500,0,1200,3800,0,1500
0,200000,2,1,2,27,0,0,0,0,0,0,157607,155693,155290,147604,146719,143317,7194,6760,5018,5370,5294,5300
0,300000,2,2,1,50,-1,-1,-1,0,0,0,8924,3131,117497,110680,104016,109839,3131,121715,4000,5000,9000,5000
0,90000,2,2,2,24,-1,0,0,0,0,0,17524,22184,23270,27372,31905,34954,5000,5000,5000,5000,3600,2000
0,90000,1,2,1,27,0,0,0,0,0,0,70482,70591,64926,59949,54029,48170,2580,2337,1634,1606,1371,620
1,140000,2,1,2,23,1,-2,-2,-2,-2,-2,0,0,0,0,0,0,0,0,0,0,0,0
0,180000,2,2,1,39,-1,-1,-1,-1,0,-1,1081,148,148,296,148,148,148,148,296,0,148,1495
0,360000,1,1,1,39,-1,-1,-1,-2,-2,-2,1761,2560,0,0,0,0,2816,0,0,0,0,2456
1,160000,2,3,2,29,1,-2,-2,-2,-2,-2,0,0,4150,2065,0,500,0,4150,2065,0,500,0
0,100000,1,1,1,45,0,0,0,0,0,0,10529,12723,15807,18901,21794,25051,2688,3688,3288,3288,3688,0
1,20000,1,2,2,21,0,0,2,0,0,-2,19277,20997,20200,20000,0,0,5000,0,0,0,0,0
0,360000,1,1,1,36,0,0,-1,0,0,0,40434,13352,129978,150637,138969,132118,2000,129990,30000,25000,5000,3000
0,230000,1,2,2,39,-1,-1,-1,-1,-1,-1,326,326,326,326,326,326,652,326,326,326,326,326
1,110000,2,3,2,29,0,0,0,0,0,0,101006,104474,106332,106906,108952,110444,5300,5300,4000,4100,4631,4404
0,210000,1,2,2,37,0,0,0,0,0,0,142149,139025,50283,159231,155342,156769,6534,3069,110017,5496,6307,5376
0,200000,1,2,2,26,-1,-1,0,0,0,0,1747,11817,14225,16017,12613,6600,12957,3884,5010,700,360,1713
0,50000,1,2,2,44,0,0,0,0,0,0,27560,19002,8542,8711,8893,9070,1159,1142,311,322,324,335
1,210000,2,1,2,30,1,-2,-2,-2,-1,-1,0,0,0,0,49525,0,0,0,0,49525,0,0
0,280000,1,1,2,31,1,-2,-1,0,-1,-1,-32,-32,4887,2067,6624,1489,0,4919,10,6657,1496,2244
0,500000,1,2,1,40,0,0,0,-1,-1,0,94585,61111,24801,6288,166251,162785,2659,2090,6333,178460,5506,6205
0,30000,2,1,2,25,0,0,0,0,0,-2,3924,4972,5873,5993,0,0,1099,1000,120,0,0,0
0,340000,2,2,1,36,0,0,0,0,0,0,167474,155293,134467,129891,113919,106675,7106,4435,4091,3548,4535,4127
0,360000,1,1,2,32,-1,-1,-1,-1,-1,-1,389,389,1955,5316,2265,6594,389,1955,5316,2265,6594,2974
0,70000,2,1,2,22,0,0,0,0,0,0,71358,70285,28867,29766,26522,27584,3280,1480,1360,960,1500,1000
1,20000,2,2,3,44,2,2,7,7,7,6,2400,2400,2400,2400,2400,1800,0,0,0,0,0,0
0,230000,1,1,2,32,0,0,0,0,0,0,44734,47178,29582,38426,42500,43531,10120,20000,10000,5000,5000,5000
0,60000,1,2,1,41,0,0,0,0,0,-1,48979,41597,29347,19544,11989,9079,5070,1219,1007,8,9381,1156
1,50000,1,1,2,28,3,2,2,0,0,0,49828,50467,48964,49447,44067,44760,2121,0,2000,2000,2000,2000
1,50000,2,1,2,29,0,0,2,2,2,2,10532,13145,12637,13922,13556,14528,2800,0,1500,0,1200,0
0,130000,2,4,2,28,0,0,0,0,0,0,36108,34256,36357,37878,39489,41833,3000,3000,2500,3000,3000,2000
0,160000,1,3,2,52,0,0,0,0,0,0,155684,157364,156581,72814,66825,63419,6525,6649,2724,2503,2310,2200
0,60000,2,3,2,48,2,0,0,0,0,0,43533,39252,38051,37988,38725,39685,1700,1700,2000,1500,1600,1000
0,160000,1,2,2,43,-1,-1,0,0,0,-1,12458,7146,11529,20860,0,780,7545,5000,10000,0,780,0
0,180000,2,1,2,25,0,-1,-1,0,-1,0,23800,1246,3430,8430,92925,88283,1246,3430,5000,92925,5000,5000
0,170000,1,2,1,36,2,2,2,0,0,0,75960,64683,51184,37938,25292,12646,2000,0,0,0,0,173869
1,360000,2,2,2,35,2,2,2,0,0,0,360023,363239,350214,319960,260944,202686,14693,30,12302,10004,7506,19721
0,130000,2,2,1,34,0,0,0,2,0,0,59955,61252,65399,63800,65312,37838,2260,5203,0,2670,1342,1815
0,180000,2,2,2,48,1,-1,-1,-1,-1,-1,2551,3044,3044,5283,1660,6671,3044,3044,5283,1660,6671,493
0,20000,1,1,2,27,1,2,-1,-1,0,0,6274,5971,3980,9040,9040,0,0,4000,9040,0,0,17291
0,230000,2,2,1,43,0,0,0,0,0,0,7806,8392,8967,8729,10816,15893,1295,1300,468,2816,5893,5977
0,220000,2,2,1,30,1,-2,-2,-2,-2,-2,0,0,0,0,0,0,0,0,0,0,0,0
0,240000,1,2,1,43,-2,-2,-2,-2,-2,-2,0,0,0,0,0,0,0,0,0,0,0,0
0,50000,1,3,1,54,0,0,0,-1,-1,0,50356,48981,47942,1261,17147,16609,2000,1120,1300,17147,1000,1000
0,310000,2,2,1,39,0,0,0,0,0,0,7246,6713,9507,8894,7418,12154,1155,4507,1000,283,7482,2473
0,350000,1,1,1,70,0,0,0,0,0,0,100895,70244,64839,57583,45554,37063,3371,2089,3008,1300,1500,1372
0,50000,2,1,2,24,-1,-1,-1,-1,-1,-1,629,351,784,696,800,341,351,789,699,910,341,210
0,200000,2,2,1,30,1,-2,-1,0,0,0,26223,-137,73284,65428,65820,2859,0,73421,1309,392,2859,1250
0,480000,1,3,2,53,0,0,0,0,0,0,482250,475931,429037,383821,369920,699944,18093,15233,12597,15098,14155,20306
1,180000,2,1,1,27,2,2,2,2,2,0,81044,78403,58083,58244,56041,50816,2600,0,4700,0,2500,1092
0,200000,2,2,2,33,0,0,0,0,0,0,184676,178491,169860,165713,168199,160769,7900,6112,6000,6000,5838,5900
0,20000,1,3,1,34,2,0,0,0,0,0,15736,16762,17774,18125,18507,19063,1284,1296,647,672,864,1506
0,50000,1,2,2,48,0,0,0,-1,0,0,51631,45223,45461,18354,19118,19404,1800,1005,19763,1000,1000,1000
1,210000,2,3,2,33,1,-2,-1,-1,-1,-1,0,0,3104,4056,565,960,0,3104,4056,565,960,1958
0,20000,2,2,2,24,0,0,0,0,0,0,19433,20508,19662,20001,16448,16774,1700,1300,600,600,600,622
0,150000,2,2,1,31,1,-2,-1,-1,-1,-2,6526,779,8927,8660,692,0,783,9098,8660,698,0,0
0,50000,2,2,2,25,0,0,0,-1,-1,2,46528,47456,36251,438,43367,44305,1794,1021,438,43367,1800,0
1,190000,1,3,1,49,2,2,2,2,2,2,178367,179062,177663,180312,185910,191895,5000,3000,7100,8700,9300,9500
0,290000,2,1,2,27,2,0,0,0,2,2,232523,243753,253145,267412,273095,278260,16500,15000,20000,10000,9701,0
0,420000,1,2,1,39,0,0,0,0,0,0,171141,118103,119543,122851,126007,129144,5700,4600,5000,5000,5000,4700
0,340000,2,2,2,36,2,0,0,0,0,0,337981,344920,18921,21205,19810,13586,17181,2000,10000,5000,3000,1000
0,60000,1,2,2,40,3,3,5,4,3,2,9744,10940,10630,10320,9865,10055,1500,0,0,0,500,0
0,90000,2,1,2,27,0,0,0,0,0,0,81111,83081,60210,61221,62636,54261,3500,3000,2600,2600,3000,1500
1,30000,2,1,2,27,2,2,2,2,2,2,28207,29261,28497,29862,43148,30603,1800,0,2150,900,3776,0
0,160000,2,2,1,37,-1,-1,-2,-1,-1,-2,1988,0,0,1188,0,0,0,0,1188,0,0,1935
0,20000,1,2,2,35,-1,2,2,2,2,2,11916,11434,13433,13398,13040,14518,0,2200,480,0,1702,200
1,90000,2,2,1,25,0,0,0,0,0,0,87525,89052,85807,68186,69011,70341,4200,3000,3000,3000,2600,3000
0,120000,1,1,2,27,0,0,0,0,0,0,20874,21930,22165,20502,19030,15119,1700,1500,700,1000,1000,1000
0,120000,1,1,2,38,1,-2,-2,-2,-2,-2,-284,-610,-936,-1262,-1588,-1914,0,0,0,0,0,0
0,360000,2,2,1,50,-1,-1,-1,-1,-1,-1,147,686,6037,1560,0,275,686,6041,1560,0,275,0
0,160000,2,1,2,32,-2,-2,-2,-2,-2,-2,16922,2552,0,0,0,0,2555,0,0,0,0,0
0,320000,2,1,1,34,-2,-1,0,-1,-1,-1,65083,23750,22381,14685,7511,6722,23750,10162,14702,7511,6722,10000
0,20000,1,2,2,25,0,0,2,2,4,3,16508,19638,19030,22033,21109,20474,3400,0,3633,0,0,0
0,230000,2,1,2,29,0,0,0,0,0,0,63184,64667,65888,66645,67865,69231,3100,3000,2300,2300,2500,2300
0,50000,1,3,1,44,0,0,0,0,0,0,15931,17363,18735,19188,17578,16855,2000,2000,1006,1003,1000,1000
0,50000,1,3,1,48,-1,-1,0,0,0,0,2722,33868,26646,26832,27395,27940,33895,1439,959,994,1000,1013
0,40000,2,3,2,24,-1,2,-1,-1,0,0,5496,698,400,25289,24435,2201,0,400,25289,0,0,1329
0,120000,2,3,1,27,2,-1,-1,-1,2,-1,390,390,390,780,240,630,390,390,780,0,930,300
1,130000,2,2,2,25,-1,-1,-1,-1,-1,-1,1031,1583,776,776,776,776,1583,1000,776,776,776,12184
0,110000,2,3,2,28,0,0,2,2,0,0,85918,87442,82975,80446,80006,80421,4000,6000,12,3100,3200,3000
1,20000,1,2,2,22,1,2,0,0,0,0,8222,7948,8958,9456,10150,10727,0,1300,800,1000,900,2130
0,50000,1,3,2,22,1,-2,-2,-2,-2,-2,0,0,0,0,0,0,0,0,0,0,0,0
0,120000,2,3,1,30,0,0,0,0,0,0,115583,114915,117220,119599,120888,117881,4178,4223,4296,4800,4423,4080
0,50000,1,3,2,34,0,0,0,-2,-2,-2,50375,51400,0,0,0,0,2400,0,0,0,0,0
1,360000,2,2,2,34,1,-2,-2,-1,-1,-2,0,0,0,700,0,0,0,0,700,0,0,0
1,240000,2,2,1,44,-1,-1,-1,-1,-1,-1,3313,7458,2329,4267,2404,4243,7458,2335,4267,2404,4243,2952
0,150000,1,1,2,32,0,-1,-1,-1,-1,-2,46272,1079,0,41147,-3,-3,1082,0,41147,0,0,0
0,50000,2,2,2,23,0,0,0,0,2,0,30501,33113,33967,28115,27529,29896,3113,1421,4295,0,3000,896
1,500000,2,1,2,42,-1,-1,-1,2,-1,-1,30439,1844,844,614,2887,3850,1844,1000,0,3000,4000,6000
0,110000,2,2,1,33,0,0,0,0,0,0,115895,115609,113984,112510,112319,110730,6000,5500,4000,4000,4100,4000
1,170000,1,2,1,48,0,0,0,0,0,0,93420,96284,97322,99419,101590,111679,4371,3533,3716,3934,12030,0
0,230000,2,2,1,29,0,0,0,0,0,0,30818,31209,32211,31647,34304,36849,2000,2000,1113,5000,5000,2000
0,20000,2,3,3,47,0,0,0,0,0,0,9417,10436,11450,12257,12685,13306,1179,1193,1000,625,1000,405
0,100000,2,1,1,41,1,-2,-2,-2,-2,-1,0,0,0,0,0,18149,0,0,0,0,18149,0
0,110000,1,1,2,28,1,2,0,0,0,0,44278,41812,43095,46292,44744,36243,0,2000,5000,1514,1197,982
1,340000,1,1,1,52,-2,-2,-2,-2,-2,-2,30832,33652,35192,30000,10766,33887,33670,35212,30000,10766,33905,30200
0,50000,1,1,2,37,0,0,0,0,0,0,37774,38492,36453,29700,30167,29613,1976,1564,1170,1055,1052,1022
0,310000,1,1,1,50,-1,-1,-1,-1,-1,-1,316,316,10131,2456,316,316,316,10131,2456,316,316,316
1,50000,2,3,1,31,1,2,2,2,2,2,38102,40025,40071,40906,42100,41269,2830,1000,1800,2000,0,1704
1,240000,2,3,1,38,0,0,2,0,0,0,107148,113396,110084,112272,114779,116920,9500,0,4019,4317,4204,4314
0,50000,2,2,1,48,0,0,0,0,0,0,10929,13262,14273,14555,14860,15155,2526,1237,519,538,541,560
0,150000,2,1,2,34,-2,-1,2,0,0,-2,0,13206,10227,398,0,0,13206,0,0,0,0,0
0,140000,1,2,2,44,0,0,0,0,0,0,108033,105021,107659,109104,109352,101534,4000,4537,3800,3823,3806,3511
0,30000,2,3,1,56,0,0,2,2,0,0,16088,24800,25098,24396,24907,25555,9000,1000,0,903,1061,942
1,300000,2,1,1,30,0,0,0,0,0,0,93738,84636,88446,76244,67747,70389,3000,5000,2500,2500,3500,87000
0,50000,1,1,2,29,0,0,0,0,0,0,2087,2632,3355,3253,3640,3512,1000,1186,500,1000,500,1000
0,280000,2,2,1,37,0,0,0,0,0,0,29078,30144,32629,35126,35759,42317,1515,3000,3000,1292,7147,1415
0,120000,2,2,2,23,0,0,0,0,0,0,118063,120851,120013,77539,77333,79113,4700,3538,3000,3000,3000,5000
0,30000,2,1,1,27,1,-1,-1,-1,0,0,0,306,2017,6316,3107,0,306,2017,6316,62,0,1002
1,30000,2,2,2,23,-1,0,0,0,0,-1,3226,5591,6992,20412,14427,5119,3596,2992,16500,0,5119,0
0,180000,1,3,1,45,1,2,0,0,0,0,24400,24508,22627,23306,22780,20890,1500,1500,1000,1000,1000,1000
0,150000,1,2,1,33,1,2,2,0,0,2,8967,11510,12022,12524,13868,13502,3001,1000,1000,1700,0,1000
0,110000,2,2,1,40,0,0,0,2,0,0,84589,85418,38333,37419,38199,38957,3700,4890,0,1535,1545,1500
1,50000,1,1,2,24,0,0,0,0,0,0,50716,50606,33265,29300,20703,30101,3029,2000,1021,1004,10000,2500
0,230000,2,3,1,43,1,-1,2,-1,0,-1,0,3832,1823,3646,1823,1823,5655,0,3646,0,1823,1823
0,230000,2,2,2,25,0,0,0,0,0,2,95311,94489,93143,87654,90172,86850,4500,4114,3500,4000,3000,3000
0,160000,2,1,2,46,-2,-2,-2,-2,-2,-2,6241,8788,0,0,0,0,8805,0,0,0,0,0
0,50000,1,3,2,36,0,0,0,0,0,0,52855,49123,49522,19843,18440,18272,2206,1605,397,369,365,1088
0,210000,2,1,1,36,1,-1,-1,-1,-1,-1,0,1690,0,5619,4090,581,1690,0,5619,4090,581,0
0,120000,2,2,1,38,-1,-1,-1,-1,-1,-1,4100,7270,820,820,2870,970,7270,820,820,2870,970,820
0,240000,2,2,1,42,0,0,0,2,0,0,21943,36519,55515,49049,57178,42009,15000,20000,3330,30000,10000,10000
0,20000,1,3,3,47,0,0,0,0,0,0,18768,18795,19390,19464,18126,18827,1400,1400,1000,700,1600,0
0,50000,2,3,2,40,0,0,0,0,0,0,5538,6563,7422,8292,8465,8650,1271,1130,1000,307,325,436
0,50000,2,1,2,70,2,2,0,0,0,0,49546,48480,48621,17793,18224,18612,0,2200,700,700,674,608
0,50000,2,2,1,32,0,0,0,0,0,0,48508,49213,38280,12305,6436,0,3037,1800,1130,2000,0,0
0,100000,1,3,2,52,0,0,0,0,0,-1,73904,73249,12327,10793,5309,900,2781,2101,216,0,900,500
0,390000,2,1,1,49,-1,-1,-1,-2,-2,-1,15026,13357,0,0,0,100000,13357,0,0,0,100000,39268
0,550000,1,1,2,31,0,0,0,0,0,0,43769,38907,36111,32723,26946,26439,2018,1520,1131,1005,1107,1019
0,450000,2,2,2,36,-1,-1,-1,-1,-1,-1,13500,6350,11670,1530,1232,201,6364,11728,1532,1234,201,3
0,80000,2,2,1,50,-1,-1,-1,0,0,0,2587,2587,50097,48753,50000,49209,2587,50097,2000,2000,1933,1700
0,50000,2,3,1,48,0,0,0,0,0,0,4064,5987,7719,8588,9291,11127,2000,2000,1000,1000,2000,2000
0,50000,2,2,2,33,1,2,2,0,0,0,49617,50352,49243,49819,19324,20103,1813,0,2169,702,1101,529
0,180000,1,2,1,44,0,0,0,0,0,0,70721,69994,70204,70238,73296,73369,8000,3000,3000,5000,2595,3000
0,240000,1,1,2,35,-2,-2,-2,-2,-1,-1,15432,10835,22134,32823,1897,5627,10851,22258,20076,2099,5827,0
0,320000,2,3,2,29,-1,-1,-1,-2,-2,-1,500,500,0,0,0,2900,500,0,0,0,2900,0
0,480000,2,2,1,35,-1,2,-1,-1,2,0,18214,11031,182123,188956,179179,181746,0,182123,12960,0,9000,50000
0,150000,2,2,1,37,-1,2,2,-2,-1,-1,1184,794,2756,0,2430,4840,0,2772,0,2430,4844,0
0,110000,2,1,2,29,0,0,2,0,0,0,107195,109443,106637,106665,92417,90730,7845,4000,4000,3500,9500,9600
0,240000,1,1,2,30,-1,-1,-1,0,0,0,7744,7284,11234,15214,9107,5621,7305,11263,10018,21,3637,7008
1,50000,1,1,2,33,0,0,0,0,0,0,47853,49474,47822,8585,8797,9001,2412,1500,500,500,500,490
0,120000,1,2,2,27,-1,-1,-1,-1,-1,-1,2474,2469,2439,2439,2439,2116,2469,2439,2439,2439,2116,0
0,150000,2,1,1,31,1,-2,-2,-2,-2,-2,0,0,0,0,0,0,0,0,0,0,0,0
0,100000,2,3,2,53,0,0,0,0,0,0,101503,29880,31119,58653,59477,60695,1538,1777,29103,2283,2334,2290
0,260000,2,2,2,38,-2,-2,-2,-2,-2,-2,-2,-2,725,2074,0,585,0,727,2074,0,585,0
0,250000,2,2,2,26,-2,-2,-2,-2,-2,-2,16884,10397,5291,4671,4400,6011,2000,1000,1010,2000,6011,2325
0,100000,2,2,2,26,0,0,-2,-2,-2,-1,9614,0,0,0,0,16708,0,0,0,0,16708,2000
1,160000,1,1,1,51,2,3,2,0,0,0,79244,77441,75598,82277,84955,87549,0,0,8000,4000,4000,4000
1,270000,2,1,1,37,-1,-1,-1,-1,-1,-1,264,264,1191,3691,3445,56264,264,1191,3691,3445,56264,953
0,390000,2,2,2,42,-1,-1,0,0,0,0,5895,42006,31192,13859,10078,4635,42016,1397,347,250,145,94
0,210000,2,2,1,43,0,0,0,0,2,0,80527,82332,84043,88508,85802,85280,4000,4000,7000,0,3500,7000
0,30000,2,2,2,23,0,0,0,2,0,0,24285,26143,26929,19610,20591,19472,3002,2130,2,3004,8013,0
0,300000,2,3,1,30,-1,-1,0,0,-1,-1,12090,15035,25895,16416,3972,2200,15042,25500,6000,3972,2200,0
0,190000,2,3,1,38,0,0,0,0,0,0,89619,103095,110000,115674,121313,15538,15000,10000,5674,11313,5538,18272
1,130000,2,1,1,35,-1,-1,-1,-1,-1,-1,6348,321,321,0,321,0,321,321,0,321,0,0
0,360000,1,2,1,44,0,0,0,0,2,0,270248,138566,142337,149758,147152,149460,5000,5000,8600,0,5000,5000
1,320000,1,1,1,35,1,-2,-2,-2,-2,-2,291,2594,2691,291,291,291,2594,2691,291,291,291,3124
1,20000,1,2,3,35,1,-2,-2,-2,-2,-2,0,0,0,0,0,0,0,0,0,0,0,0
0,360000,1,1,1,32,-2,-2,-2,-2,-2,-2,10729,2523,-2,-2,-2,-2,2535,0,0,0,0,0
0,190000,2,2,2,25,0,0,0,0,-1,0,110031,105500,104430,93,158481,161866,8614,5000,93,159212,5800,5500
1,90000,2,2,2,33,0,0,-1,-1,0,0,63626,1788,1988,55970,59612,40281,1000,2000,61000,5000,1800,1200
0,30000,2,1,2,26,-1,-1,-1,-1,-1,2,2635,807,11428,2462,3605,1559,1270,11500,2462,1559,0,3192
0,240000,1,1,2,29,0,0,0,0,0,0,240248,221277,201606,183454,180255,184230,11000,9100,8000,8000,7000,8000
0,40000,2,1,2,26,0,0,0,0,0,0,12308,13604,14873,15624,15972,16308,1500,1500,1000,600,600,1700
0,170000,1,2,2,36,-1,-1,-1,-1,-1,-1,2104,2074,10719,12654,25784,19950,2081,10725,12654,25784,19950,200
0,180000,1,1,2,37,0,0,0,0,0,0,22121,31681,32552,34004,35792,36645,10000,1700,2000,2500,1600,2000
1,20000,1,3,1,63,2,2,2,2,2,0,16097,16951,17090,17128,16725,17263,1400,700,600,0,800,772
0,150000,2,3,1,48,0,0,2,0,0,0,37800,40874,39922,40953,42136,43279,4000,0,2000,2000,2000,2000
1,50000,2,2,1,47,0,0,0,0,0,0,44624,45128,3837,3913,4146,4225,2355,1064,140,296,296,301
0,140000,2,3,1,31,2,2,2,2,2,2,89910,92588,91936,94623,94952,95234,5000,1800,5000,1900,4700,0
0,50000,1,3,2,31,0,0,0,0,2,0,40011,33648,35082,38286,37543,0,1566,2000,3800,0,1546,0
0,200000,1,1,2,34,0,0,0,0,0,0,67002,76429,94564,95859,99593,101834,10000,18900,3000,4524,3084,3242
0,100000,2,1,1,43,-1,-1,-1,-1,-1,-1,9122,22971,15537,27075,8423,37259,22982,15561,27091,8423,37259,16751
0,250000,2,1,2,32,0,0,0,0,-1,-1,33323,30090,21218,10875,3328,1460,2038,2065,52,3336,1460,1000
0,80000,2,1,2,38,-2,-2,-2,-2,-2,-2,1927,446,909,1740,2190,518,446,909,1740,2190,518,5062
0,170000,2,2,1,50,0,0,0,0,0,0,177956,176155,171665,65479,61234,42484,7262,5586,2272,2998,39321,1390
0,80000,1,3,2,29,0,0,0,0,0,0,46638,47680,48395,49356,50560,51431,2091,1806,1767,2000,1767,1740
0,50000,1,2,1,49,0,0,0,0,0,0,49816,49749,48589,59469,20239,20059,3000,2000,1900,1004,1600,700
0,30000,2,3,2,40,2,2,2,2,0,0,23687,23020,25218,24514,25030,25557,0,2579,0,909,944,4642
1,70000,2,1,2,34,1,3,2,0,0,0,70971,71272,69405,34045,34995,36025,2000,0,1220,1500,1725,0
0,30000,2,3,1,47,-1,-1,-1,-1,-1,-1,1355,5137,1392,696,0,696,5174,1392,696,0,696,696
0,200000,1,1,1,34,-1,-1,-1,-1,-1,-1,5023,618,605,3098,805,2154,621,608,3114,1003,2164,1210
0,100000,2,2,2,27,-1,-1,-1,-2,-2,-2,11540,1300,0,0,0,0,1303,0,0,0,0,0
1,20000,1,2,2,44,0,0,0,0,0,0,17636,17947,17914,18357,19155,10200,1375,1122,565,1000,204,0
0,200000,1,1,2,29,-1,-1,-2,-2,-2,-2,2290,0,0,0,0,0,0,0,0,0,0,0
1,50000,1,3,1,72,2,0,0,0,2,2,35417,36453,37166,39710,40519,41324,1908,1621,3165,1600,1620,0
1,50000,1,2,1,48,0,0,0,0,0,0,40931,40892,41612,18825,18019,18124,1880,1650,10000,1000,700,600
1,50000,2,1,2,27,1,2,2,2,2,2,36794,35922,39319,38387,42764,41926,0,4000,0,5000,0,5000
0,220000,1,2,1,44,0,0,0,0,0,0,217743,180357,183453,176900,118965,172907,7000,8000,8000,6000,60000,7000
0,240000,2,3,1,39,-2,-2,-2,-2,-2,-2,0,1234,0,0,620,0,1234,0,0,620,0,0
0,50000,1,1,1,40,0,0,0,0,0,0,42549,36110,9715,8965,6652,7385,2200,2000,1000,500,1000,400
0,500000,2,1,1,45,-1,-1,-1,-1,-1,-1,36954,-24704,22999,18339,-3876,15586,0,83000,0,0,20000,18000
0,170000,1,1,2,26,-1,-1,-1,-1,-1,-1,23594,1512,1362,1591,3524,8545,1512,1362,1591,3524,8545,1485
0,30000,1,1,1,34,-1,-1,-1,-2,-2,-2,220,2500,0,0,0,0,2500,0,0,0,0,0
1,300000,1,1,1,43,1,-2,-2,-2,-2,-2,0,0,0,0,0,0,0,0,0,0,0,0
0,50000,1,2,2,30,0,0,0,0,0,0,50507,48751,44688,19823,13645,10876,4000,2220,1000,1500,1000,1500
0,100000,2,3,1,31,-1,-1,-1,-2,-2,-2,16033,1716,1200,0,0,1300,1716,1200,0,0,1300,6455
1,150000,2,1,2,29,0,0,2,0,0,0,108817,83654,79713,64468,66488,58131,7500,0,4000,4000,4000,3500
0,50000,1,1,2,28,0,0,0,0,0,0,46176,40870,41590,42419,43307,44167,2000,1700,1519,1572,1580,1637
0,190000,2,2,2,31,-1,-1,-1,-1,-2,-1,771,0,4251,0,0,6732,0,4251,0,0,6732,11306
0,20000,2,3,2,22,0,0,0,0,-1,-1,14562,5991,6870,0,2734,0,1121,1000,0,1367,0,0
0,50000,2,3,1,55,1,2,2,2,0,0,49003,49067,50498,47579,47567,48155,2005,3900,0,2000,1900,1900
1,30000,2,2,1,39,-1,-1,-1,-1,-1,-1,223,223,223,223,223,675,223,223,223,223,675,10473
0,90000,2,1,2,27,-2,-2,2,2,-2,-2,1179,6346,4607,-6,-2153,-4306,7020,2980,3000,0,0,0
1,500000,2,1,2,36,-2,-2,-2,-2,-2,-2,-312,-2479,2479,2479,763,288,0,4958,0,763,0,14472
0,280000,1,1,1,40,-1,-1,-1,-1,-1,-1,5310,2196,2928,9564,22017,5220,2196,2928,9564,22017,5220,1964
0,30000,1,2,1,31,0,0,0,-1,-1,-2,13265,7206,0,2320,0,0,1632,780,2320,0,0,0
0,90000,2,2,1,36,2,2,2,2,2,2,49295,50206,50781,51840,52607,53784,2000,1700,2200,1750,2200,2000
1,200000,1,2,1,42,1,2,0,0,2,2,38187,35827,19208,20023,19572,19652,44,1303,1522,0,1099,1339
0,100000,1,2,2,30,-2,-2,-2,-2,-2,-2,914,1170,0,0,1756,0,1475,0,0,1756,0,0
0,20000,1,3,2,40,0,0,2,3,2,2,12649,15526,16383,15831,15438,17371,3103,1408,0,0,2346,0
0,50000,1,2,1,51,0,0,0,0,0,0,49613,49326,47010,20661,14528,15544,3036,6000,1000,2000,2500,3000
0,50000,2,2,3,51,0,-1,0,0,0,-2,10571,2477,3234,2904,0,0,2477,2904,0,0,0,0
0,290000,1,3,2,32,-1,-1,-1,-1,-1,0,1520,1200,0,1000,28661,8976,1200,0,1000,9948,8974,175000
0,220000,2,1,2,36,-2,-2,-2,-2,-2,-2,0,420,0,584,790,0,420,0,584,790,0,1309
0,440000,1,1,1,37,-1,-1,-1,-1,-1,-1,4330,8369,16786,396,600,3596,8369,16786,396,600,3596,4095
1,50000,1,2,2,49,0,0,0,0,0,0,90231,90647,92309,93880,99418,101392,2852,2784,2603,10000,3164,2868
0,300000,1,1,2,31,-1,-1,-1,-1,-1,-1,40779,5401,2444,578,390,1424,5401,2444,578,390,1424,390
0,290000,2,1,1,50,0,0,0,0,0,0,165563,128747,120469,78892,81561,83687,7000,10009,5000,5000,5000,10000
0,390000,1,2,1,40,1,2,0,0,0,0,424244,395060,258372,261498,213003,102423,587,9500,30140,4235,1998,25226
0,50000,2,2,2,24,0,0,0,0,0,0,29186,29792,26660,27416,27836,28473,1500,1500,1200,1010,1100,980
1,220000,2,2,2,31,-1,-1,-2,-1,-1,-2,38746,0,0,110699,0,0,0,0,110699,0,0,0
0,150000,2,2,2,29,0,0,-1,0,0,0,3559,4724,2629,2584,1371,0,1222,2634,1008,506,0,0
0,50000,1,1,2,24,0,0,0,0,0,0,50963,49720,50839,93436,46733,50925,1844,1963,2635,1750,5000,2160
0,200000,1,1,1,44,-1,-1,-2,-2,-2,-2,667,0,0,0,0,0,0,0,0,0,0,0
0,120000,2,2,2,30,0,0,0,0,0,0,16812,17571,18013,18197,9032,11951,1358,1126,636,650,4000,1800
0,230000,2,1,1,61,-2,-2,-2,-2,-2,-2,1443,1443,1443,1443,1443,1443,1443,1443,1443,1443,1443,1443
0,180000,2,2,1,28,0,0,0,0,0,0,133868,125613,86893,89014,91946,93237,5300,4000,4000,10000,3200,3100
0,20000,1,1,2,22,0,0,0,0,0,0,23538,22780,23623,19600,20100,0,3000,1400,2500,500,0,0
0,20000,1,2,2,23,0,0,2,0,0,0,18804,17855,17199,17548,17992,31150,2150,1000,504,600,4000,4000
1,50000,1,3,1,46,-1,2,2,-2,-2,-2,13473,12800,0,0,0,0,0,0,0,0,0,0
0,290000,2,1,2,24,-2,-2,-1,-1,-1,0,14931,15090,19239,4940,93332,96112,15090,19239,4975,96151,5500,4000
0,290000,2,2,2,54,-2,-2,-2,-2,-2,-2,-68,-68,-68,675,-6,2168,0,0,743,0,2174,972
0,150000,2,1,2,27,-2,-2,-2,-2,-2,-2,0,610,610,0,610,0,610,610,0,610,0,0
0,190000,2,2,2,53,0,0,0,0,0,0,173058,133198,131891,133516,135008,136486,6300,5000,5000,5000,5100,5000
1,80000,2,2,2,25,0,0,0,0,0,0,81003,85894,87061,89008,93523,80288,8213,3491,3508,19523,3288,1570
0,250000,1,3,1,47,-1,-1,-1,-1,-1,-1,1170,1863,3100,2560,2580,3699,1863,3112,2950,2580,3699,0
1,20000,1,2,1,35,1,2,2,0,0,0,19755,19661,20018,20427,19377,19386,1000,1000,1000,1500,900,1000
0,180000,2,3,1,45,-1,-1,-1,-1,-1,-1,396,396,396,396,396,396,396,396,396,396,396,396
0,80000,1,1,2,25,-1,-1,-1,-1,-1,2,2109,1257,466,628,2395,930,1257,466,628,2395,0,601
0,300000,1,1,2,31,-1,-1,-1,-1,0,-1,2166,2894,8903,12445,24650,8339,2918,8974,12457,15113,8369,3832
0,50000,2,3,1,51,0,0,0,0,0,-1,20454,21899,20895,11241,-861,38040,2100,2000,1000,0,39500,1500
0,70000,2,1,1,40,0,0,0,0,0,0,51959,40519,31310,28929,29535,28160,1597,1407,972,1007,1028,913
1,150000,2,1,2,30,0,0,2,0,0,2,44795,43700,19543,34648,24241,19339,10000,20,30000,19800,0,5000
0,320000,2,1,2,29,-1,-1,-1,-1,-1,0,179226,-200,200,0,10000,210000,0,400,0,10000,200000,0
0,60000,2,1,2,24,0,0,0,0,0,0,60381,39798,38344,37311,37428,38187,1639,1590,1500,1354,1377,1514
1,20000,1,3,2,32,0,0,2,2,2,0,3677,6002,5758,12619,12274,15049,2400,0,7000,0,3000,4000
0,230000,1,1,2,35,2,2,2,2,2,2,117277,119823,120988,121464,123740,120937,5800,4500,3800,5000,0,4500
0,310000,2,2,1,29,0,0,0,-1,0,0,74955,77730,78497,72529,76345,79072,4000,5000,72529,5000,4000,4000
0,230000,2,1,2,36,-1,-1,-1,0,0,0,1545,306,8389,7465,6549,576,306,8389,9,0,0,342
0,200000,2,1,1,40,-2,-2,-2,-2,-2,-2,2552,8064,32082,6914,1905,3244,8084,32105,7186,1905,3244,9768
1,100000,2,1,2,30,0,0,0,0,2,0,28383,32903,42283,51539,50583,52588,5000,10000,10000,0,2846,1936
0,310000,1,2,1,64,-1,-1,-1,0,-1,-1,1920,0,10124,10130,7958,0,0,10124,6,7958,0,0
1,180000,1,3,1,33,2,2,0,0,0,2,159999,156038,159924,162775,174719,178651,0,8000,7000,15000,7000,0
0,390000,2,1,1,38,0,0,0,0,0,0,164418,167501,134282,128701,131529,135242,9000,7027,5000,5000,6000,5000
0,20000,2,1,2,26,1,-2,-1,-1,-1,-1,0,0,450,-150,750,568,0,450,0,900,568,1769
0,50000,2,2,1,26,0,0,0,0,0,0,45663,43522,43193,18768,19182,19447,2300,2349,800,835,726,361
0,140000,1,1,2,29,0,0,0,0,0,0,142087,255846,140057,100177,100873,98363,5528,4500,3500,4000,4000,4000
1,170000,1,1,2,37,-1,-1,-1,-1,-1,-1,4334,1343,1078,1392,1606,9955,1343,1078,1392,1606,9955,4382
0,250000,2,2,1,45,-2,-2,-2,-2,-2,-2,100323,37494,41300,0,0,0,2500,5300,0,0,0,0
1,50000,2,3,1,40,2,2,0,0,0,0,49157,47990,38426,7816,7859,7979,0,2050,500,500,400,400
0,250000,2,1,2,36,0,0,0,0,0,0,130360,133799,137119,141367,133174,136481,5000,5000,5847,5000,5000,5018
0,90000,1,1,2,27,0,0,0,2,2,2,56608,57897,63686,65233,66637,67882,2800,7400,3200,2600,2500,2500
1,90000,1,2,1,44,2,0,0,0,0,0,89875,92338,87511,47796,48306,49054,4000,4200,1700,1800,2083,1827
0,160000,2,1,2,27,0,0,-2,-1,-1,-1,13234,0,6000,15866,4168,2067,0,6000,15866,4168,2067,11826
0,360000,1,2,2,29,0,0,0,0,0,0,114527,119487,113438,112940,122122,121547,20046,5046,10000,10048,10043,5014
0,330000,2,1,2,26,0,0,0,0,0,0,58667,38323,32726,43579,28908,20777,2213,5000,20000,1000,672,1200
0,50000,2,3,1,54,1,2,0,0,0,0,64069,59153,56275,53936,51740,49043,0,2031,1918,1993,1614,1789
1,60000,2,2,1,42,2,2,0,0,0,0,57598,50821,19638,18919,16853,29682,0,2000,2000,1000,20000,10000
0,10000,2,3,2,42,0,0,-1,-1,-1,-1,4908,5665,381,390,0,780,1275,381,399,0,780,0
0,70000,1,2,1,41,1,2,2,2,0,0,34779,35921,36536,35651,36427,37169,2000,1500,0,1500,1500,3000
1,150000,2,1,1,31,-2,-2,-2,-2,-2,-2,2977,1408,0,0,0,0,1408,0,0,0,0,4400
1,250000,2,2,2,33,0,0,0,0,0,0,255223,47070,48130,49625,51500,0,1600,1650,2100,3000,0,94825
0,130000,2,3,1,33,0,0,0,0,0,0,122199,125283,120957,41771,42648,43495,5100,3085,1493,1548,1556,1700
0,130000,1,1,2,27,0,0,0,0,0,0,84664,72079,24934,17810,11705,10007,2039,2007,1000,1000,600,2000
0,100000,2,2,1,36,-2,-2,-2,-2,-2,-2,2205,0,1983,3543,0,0,0,1983,3543,0,0,2645
0,130000,1,2,2,37,0,0,0,-2,-2,-2,131446,102650,0,0,0,0,5000,0,0,0,0,0
1,80000,2,2,2,29,2,0,0,0,0,0,77416,75500,69313,67972,66800,68693,2661,2509,2500,3000,3000,3000
0,380000,1,1,2,41,0,0,2,0,0,0,350341,357703,344460,347754,334891,340728,28400,0,12800,12500,12500,12000
1,20000,2,2,2,23,0,0,0,0,0,0,17257,17417,14462,14750,15215,16209,1230,1239,527,702,1400,0
0,20000,1,2,2,25,0,0,3,2,2,-1,15789,21698,21054,20355,19980,3470,6500,0,0,10000,25065,177
1,140000,1,1,1,54,0,0,0,0,0,0,139406,140295,134000,74388,92555,86993,5545,4200,3105,86417,3936,48390
0,180000,1,1,2,33,-1,-1,-1,-1,-1,-1,2217,0,8264,0,3278,0,0,8264,0,3278,0,4646
0,230000,2,1,2,29,-2,-2,-2,-2,-2,-2,-5,-5,2969,3419,0,1841,0,2974,3425,0,1841,200
0,90000,1,1,2,32,-1,-1,-1,-1,-1,2,6546,1485,25558,1443,1677,1480,1498,25572,1443,257,0,58
0,160000,1,2,2,29,-1,-1,-1,-1,-1,-1,7002,6696,6062,4203,5780,12575,7229,6085,4230,5797,12589,6233
0,50000,2,1,2,22,0,0,0,0,0,0,49459,49281,50071,10104,9208,10075,2300,2000,1000,500,1000,500
0,140000,2,2,2,29,-2,-2,-2,-2,-2,-2,945,945,0,0,0,0,945,0,0,0,0,0
0,250000,2,2,1,31,0,0,0,0,0,0,42441,43061,29385,27677,86250,65710,4000,3000,901,63000,2700,2000
0,120000,2,2,2,24,-1,-1,-2,-1,-1,-1,100,0,0,618,9614,39133,0,0,618,9614,39133,1500
0,120000,2,1,2,27,0,0,0,0,0,0,79072,80795,82451,84177,85945,87813,3000,3000,3100,3122,3300,3060
0,260000,2,2,1,40,0,0,0,0,0,0,243196,258720,178102,77215,79331,81483,20008,7500,3000,3500,3605,3750
1,10000,1,2,2,38,2,2,3,3,3,3,1050,1050,1050,1050,1050,1050,0,0,0,0,0,0
0,60000,2,2,1,38,-2,-2,-2,-2,-2,-2,4764,30500,0,0,52829,41404,30500,0,0,52829,41404,22401
0,60000,2,2,1,29,0,0,0,0,0,0,33147,54511,56167,28609,27660,27059,24511,6000,17000,1984,1100,1600
0,50000,1,2,2,27,0,0,0,0,0,0,17771,18794,19062,19443,19849,20287,1311,1299,680,703,750,626
0,130000,1,3,1,34,0,0,0,0,0,0,5444,5927,7106,7106,8106,9106,1321,1500,0,1000,1000,598
0,130000,1,1,2,34,0,0,0,0,0,0,31179,30569,28659,26952,15852,0,2002,1400,600,1000,0,0
0,360000,2,1,2,32,-2,-2,-2,-2,-2,-2,0,0,0,0,0,0,0,0,0,0,0,0
0,80000,2,2,1,36,0,0,0,0,0,0,20366,21084,22411,23624,23964,25661,1352,1679,1892,870,2096,0
0,50000,1,2,2,26,1,-2,-2,-2,-2,-2,0,0,0,0,0,0,0,0,0,0,0,0
0,290000,2,1,1,33,1,2,-1,-1,-1,-1,7064,1875,1814,8537,25576,13475,0,1814,8537,25576,13475,6000
0,200000,1,1,1,53,0,0,-2,-2,-1,-1,195050,0,0,0,1000,0,0,0,0,1000,0,0
0,20000,1,2,2,27,0,0,0,0,0,-2,18290,20144,19106,19292,0,0,2458,1200,386,1000,0,0
0,500000,1,1,2,33,-1,-1,-1,-2,-1,-1,5379,2062,10515,4158,7958,-196,2065,10556,4170,7963,196,7083
0,130000,2,1,2,26,1,2,2,2,2,2,22415,21146,23647,22984,24315,23155,0,3500,0,2000,0,2000
1,30000,2,1,2,27,0,0,0,0,0,0,23447,24563,25650,26222,26800,27554,1500,1500,1000,1000,1200,4271
1,20000,2,1,2,24,2,2,2,0,0,0,7919,8637,9339,10029,10615,11285,1000,1000,1000,900,1000,500
0,70000,2,2,2,26,0,0,0,0,0,0,30139,8241,8398,8864,9301,10702,2000,2000,2000,2000,3000,1500
0,200000,1,1,2,27,-1,-1,-1,-1,-1,-1,4890,3630,4882,10955,10435,1665,3630,4882,11034,10435,1665,3765
1,50000,2,2,1,46,-1,-1,-1,-1,-1,-1,569,1436,3220,6592,5085,1050,1440,3224,6621,5396,1050,0
0,360000,1,2,1,56,-1,-1,-1,-1,-1,-1,750,1224,3206,291,951,2941,1236,3537,291,951,2941,291
0,50000,2,3,1,56,0,0,0,0,0,0,33197,34961,28913,29093,29306,29506,2407,2960,1029,1059,1073,1200
0,180000,2,3,1,26,0,0,0,-2,-2,-2,32023,20233,0,0,0,0,10000,0,0,0,0,0
1,50000,1,2,2,25,2,2,0,0,0,2,7180,6922,7849,8018,8884,8593,0,1200,300,1000,0,1000
0,120000,2,1,2,28,-2,-2,-2,-2,-2,-2,-8,2046,0,409,872,1539,2054,0,409,872,1539,580
1,80000,2,2,1,37,2,2,2,2,2,2,15234,16893,17834,17250,18470,18023,2200,1500,0,1500,0,1600
0,330000,2,1,1,47,1,-2,-2,-2,-2,-1,2246,13990,20992,681,0,5180,13990,21060,681,0,5180,3820
1,40000,1,3,1,43,0,0,0,0,0,0,41094,36554,37568,38314,39141,40231,1611,1625,1371,1444,1765,1283
0,50000,1,2,2,26,0,0,0,0,0,0,27570,28820,29400,5124,6874,7654,2000,1200,1000,2000,1000,1979
0,80000,1,3,1,48,0,0,0,0,0,0,71515,70287,61892,26779,25464,25993,3679,2305,924,1069,1100,1110
0,450000,1,1,1,41,-1,-1,-1,-2,-1,-1,697,500,0,0,461,-3,505,0,0,461,3,0
0,30000,2,3,1,48,0,0,0,0,0,0,27947,27035,27876,26640,25896,25481,2000,1800,1500,1500,1500,1500
0,160000,1,2,1,28,0,0,2,2,0,0,62312,66965,67648,66020,67386,68336,5856,2311,0,2377,2000,1881
0,80000,2,1,2,22,-1,-1,0,0,-2,-2,10439,11501,12113,-33,2748,90,11501,1000,33,2871,90,0
0,400000,1,2,1,34,0,0,0,0,0,2,52271,56788,60049,60876,65178,45933,6000,5000,1902,5000,0,5000
1,220000,1,2,1,60,-1,-1,-1,-1,-1,-1,1994,1598,6944,7161,1534,11248,1606,6978,7196,1541,11304,483
1,40000,2,2,1,25,0,0,2,2,2,2,21590,24326,23642,25936,25384,26905,3400,0,3000,0,2100,0
0,280000,2,2,2,27,-1,0,0,0,2,0,82742,153791,85601,108984,105275,117635,10077,27785,30000,23,20000,3406
0,50000,2,1,2,25,0,0,0,-2,-2,-2,50380,38712,0,0,0,0,4000,0,0,0,0,0
0,110000,1,2,2,26,0,0,0,0,0,0,106417,103587,56676,47332,45171,47092,9026,6000,2000,2000,3000,4006
0,180000,2,1,1,44,1,-1,-1,-1,-1,-1,2788,5646,13647,30848,15520,558,5646,13901,30848,15520,558,26733
0,200000,2,1,2,26,0,0,0,0,0,0,18630,15996,16304,14973,20542,15810,1502,1200,300,7000,8000,4000
0,390000,2,1,2,33,0,0,0,0,0,0,85538,79875,82853,82747,44143,38488,3500,4502,3518,2003,3001,3000
0,400000,2,1,2,29,-1,0,0,0,0,0,5154,6016,7056,7310,9943,12849,1060,1100,310,3000,3000,6100
1,120000,2,3,2,37,-1,-1,-1,-1,-1,-1,776,1616,776,776,776,776,1616,776,776,776,776,776
0,200000,1,1,2,34,1,-2,-2,-2,-2,-2,-800,-2685,-6144,-7905,-10213,-11060,0,0,0,0,0,0
0,280000,1,2,1,33,0,0,0,0,0,0,207982,196055,182099,185925,188224,186529,8644,6445,15934,7016,6753,6008
0,230000,2,1,2,27,0,0,0,0,0,0,105217,107857,110177,60137,62035,64034,4326,4533,2337,3035,3034,3101
0,280000,2,1,1,36,-1,-1,-1,-1,-1,-1,21251,33746,8689,41652,9031,14106,33840,8689,41652,9031,14106,6680
0,130000,1,3,2,28,0,0,0,0,0,0,132258,133781,133834,132336,132614,132208,6900,7000,7000,6000,5500,6000
1,160000,2,2,1,35,-1,-1,-1,-1,-1,-1,776,1172,380,776,1172,380,1172,380,776,1172,380,776
0,120000,1,3,1,47,-1,-1,-1,-1,-1,-1,1051,671,291,1051,291,671,671,291,1051,291,671,1051
0,300000,2,3,1,31,-1,-1,-1,-1,-1,-1,331,331,331,331,-1,199,332,332,332,0,200,0
0,20000,2,1,2,31,-2,-2,-2,-2,-2,-2,264,264,2227,1357,1357,4500,264,2227,1357,1357,4500,1357
1,450000,1,1,2,31,-1,-1,-1,-1,-1,-1,10350,3629,3271,6271,2135,2546,3629,3271,6271,2135,2546,4877
0,250000,1,2,1,30,-2,-2,-2,-2,-2,-2,2419,28965,44179,37145,46733,46963,29062,44385,40682,46873,47104,52448
0,100000,2,2,1,58,0,0,0,0,0,0,101249,101476,94893,101301,101451,99319,3642,4230,10000,3582,5000,4133
0,150000,2,2,2,27,0,0,0,0,0,0,23165,24515,25592,24949,26846,26908,1723,1800,1100,2300,1000,1300
0,140000,1,2,2,35,0,0,0,0,0,0,101038,66734,64018,64656,65341,66277,4215,3221,2066,1864,1895,1883
0,500000,2,1,2,46,-2,-1,-1,-1,-1,-1,33332,163500,60560,104734,41018,6258,163500,70160,104734,41018,6258,70356
0,20000,1,2,2,36,-1,-1,-1,0,0,0,3152,0,4956,10148,6979,8353,0,4956,200,2000,1500,500
0,50000,1,2,2,53,0,0,0,0,0,0,18922,19486,19917,20017,20146,20221,1329,1310,680,705,728,690
1,100000,1,2,2,39,0,0,0,0,0,0,121895,107315,115214,83649,59993,62813,4500,10000,11000,3000,4000,3000
0,200000,2,2,2,27,2,2,0,0,0,0,186806,166153,157633,145423,146202,144685,0,6908,5200,5400,5700,9101
0,150000,2,2,2,37,0,0,0,0,0,0,86037,84679,82490,78890,75240,75639,5000,5000,4000,3500,3000,4000
0,80000,1,1,2,23,0,0,0,-1,2,2,60130,59744,44031,48089,44789,30423,2550,1848,6084,38,4,70
0,160000,1,1,1,40,1,-1,-1,-1,-1,-1,0,567,4027,3100,2123,4899,567,4059,3100,2123,4899,3165
0,180000,2,2,1,44,-1,-1,-1,-1,-1,-1,816,803,2599,0,2311,2194,803,2800,0,2311,2542,236
0,270000,2,1,1,32,-1,-1,-1,0,0,-1,23351,30960,180473,58839,21334,19080,30972,180519,1177,0,19080,133504
0,180000,2,1,2,41,0,0,-1,0,-1,-1,37353,24797,5549,22349,2974,0,1012,5549,17000,3322,0,2633
1,120000,1,1,1,54,-1,-1,-1,-1,0,-1,390,390,390,1878,390,930,390,390,1878,0,930,0
0,110000,2,1,2,29,0,0,0,0,0,0,48088,45980,44231,32489,26354,20221,2000,2010,3000,3000,3000,1000
0,50000,2,3,1,61,0,0,-2,-2,-1,0,42200,0,0,0,15883,16617,0,0,0,15883,1000,792
0,200000,2,3,2,30,0,0,0,0,0,0,185723,166726,160181,161469,104232,151726,8009,6402,6715,4625,50086,5458
0,70000,2,3,1,23,2,-1,-1,-1,-1,-1,254,2746,1885,2216,1348,29873,6840,1885,2216,1348,29873,1000
0,360000,2,2,2,30,0,0,-2,-1,0,0,23900,0,0,150,205150,0,0,0,150,205000,0,0
1,260000,2,2,1,35,0,0,0,0,0,0,425349,435873,445129,452162,258010,221780,14347,15000,12406,9279,6078,0
0,50000,1,3,1,32,0,0,0,0,0,0,40992,35215,29156,18891,19443,19478,2026,2021,1000,1001,1000,707
0,380000,2,2,1,39,-1,-1,0,0,0,0,19261,81961,61189,38875,17876,13313,81975,1480,3000,1000,3000,10024
0,50000,1,2,2,24,-1,-1,-2,-2,-2,-2,402,-2760,-3650,-3650,-3650,-3650,0,0,0,0,0,0
1,20000,1,3,1,38,0,0,-1,-1,-1,-1,19805,19900,390,390,0,780,1000,390,390,0,780,0
0,270000,1,6,2,32,-2,-2,-2,-2,-2,-2,24089,51408,27067,40359,51264,34874,52398,27787,40569,53500,35051,120391
0,460000,1,1,2,32,0,0,0,0,0,0,386437,393742,392625,368365,377858,362132,15000,15000,15000,15000,15000,20000
0,60000,1,3,2,24,0,0,0,0,2,0,58819,59810,56566,30627,30203,28648,3000,1768,3954,1000,1500,1200
0,200000,2,1,1,35,-1,-1,-1,-1,-1,-1,25663,14224,17560,3300,1920,2731,14224,17560,3300,1920,2731,0
1,50000,2,2,2,37,1,2,2,2,2,2,14008,13493,17259,16684,18017,17581,0,4000,0,1600,0,3000
0,20000,2,1,2,22,0,0,0,0,0,0,19760,18570,17604,11973,9517,6799,1376,1383,1000,455,1500,2200
1,290000,2,2,1,40,0,0,0,0,0,0,274558,256910,229566,148812,53157,47998,10700,11014,5800,1820,2000,2000
0,110000,2,2,2,36,0,0,0,0,0,0,116486,105604,96945,74171,70012,62256,4353,3294,5000,8300,5000,5000
1,160000,2,3,1,51,2,2,2,2,2,2,142064,144900,146534,147955,145488,155041,6600,5500,5310,0,12000,0
0,70000,2,2,1,31,0,0,0,0,0,0,60058,49647,43968,41127,39137,28712,1834,1608,1559,1630,1300,1000
1,200000,2,1,2,39,-2,-2,-2,-2,-1,-1,0,0,0,0,2330,0,0,0,0,2330,0,0
0,80000,2,2,2,40,0,0,0,0,0,0,78717,75873,68602,54617,55987,53895,3300,3300,2000,2200,2100,1900
1,20000,1,1,2,41,-2,-2,0,0,0,0,18803,18376,19342,19081,19799,18718,36147,1281,658,1000,1000,760
0,210000,1,1,2,48,-2,-2,-2,-2,-2,-2,0,570,0,0,0,0,570,0,0,0,0,0
1,180000,2,3,1,39,2,0,0,-2,-2,-2,172488,72050,0,0,0,0,3450,0,0,0,0,0
0,50000,1,2,3,53,0,0,0,0,0,0,34664,17242,18417,18877,18985,18184,1500,1500,1000,800,2000,1000
1,30000,1,2,2,26,1,3,2,2,0,0,31305,30527,30789,29504,30276,29695,0,1060,0,1251,1078,1243
0,150000,1,1,2,30,-1,-1,-1,-1,-1,-1,6708,1098,1908,1589,9918,-16586,1098,2000,1589,9918,1157,0
1,150000,1,1,2,28,-1,2,2,-2,-2,-2,1111,820,-311,-602,-893,-1184,0,0,0,0,0,0
0,260000,1,1,1,43,1,-1,-1,-1,-1,-2,0,2000,1620,8010,0,0,2000,1620,8080,0,0,0
0,310000,2,1,2,30,0,0,0,0,0,0,304329,292848,279138,252703,248895,244026,14027,16800,11600,11000,10000,30000
0,150000,2,1,2,33,0,0,0,0,0,0,96066,98277,88202,48179,49426,50534,4400,4000,2000,2000,1900,1700
0,200000,2,1,2,27,-1,-1,-1,-1,-1,-1,16093,11163,11657,9423,9726,11070,11197,11657,9423,9726,11070,7976
0,150000,1,3,2,45,0,0,0,0,0,0,99247,101194,81194,70590,72040,73423,4268,2725,2505,3000,3000,3000
0,220000,2,2,1,54,-1,-1,-1,-1,-2,-2,8727,2553,147,0,0,0,3011,147,0,0,0,0
0,540000,2,1,2,34,-1,-1,-1,-1,-1,-1,1784,892,946,946,946,946,892,1000,946,946,946,946
0,280000,1,2,2,30,0,0,0,0,0,0,204773,188704,185257,188344,179764,167051,8038,6000,5083,5000,5036,5000
0,230000,1,2,2,32,0,0,0,0,0,0,49619,43435,41719,38072,33802,30435,2072,1689,1046,1025,928,277
0,50000,1,1,1,39,0,0,2,3,2,2,33849,36798,37890,37131,38381,39585,3817,2000,150,2000,2000,1600
0,20000,2,2,2,24,1,-2,-2,-2,-1,-1,0,0,0,0,222,6345,0,0,0,222,6345,2000
1,10000,1,2,2,35,1,6,5,4,3,2,8257,8001,7741,7481,7075,6815,0,0,0,0,0,700
0,500000,1,1,1,46,0,0,0,0,0,0,407331,403816,386053,389008,392650,391336,15043,14000,14003,14011,15003,14009
0,50000,2,2,2,24,0,0,0,0,0,0,49819,50135,32101,17401,19820,17399,1672,1246,574,3000,649,285
0,420000,2,2,2,35,-1,-1,-1,-1,-1,-1,7572,18847,16615,14156,9058,3281,18920,16615,14156,9058,3281,5971
0,50000,2,2,2,23,0,0,-1,2,0,0,21998,15299,32514,26479,27396,27789,2063,33730,0,1500,1000,1019
0,280000,2,1,2,29,-2,-2,-2,-2,-2,-2,0,0,320,2139,0,0,0,320,2139,0,0,0
0,50000,1,2,1,46,0,0,0,-1,0,0,3656,4400,0,1704,3715,-105,1000,0,1704,2011,0,1649
1,160000,2,3,1,41,2,2,2,0,0,2,46017,47188,46134,47063,50034,51063,2200,0,2000,3900,2000,0
1,40000,2,2,1,23,2,2,2,2,2,2,33895,33068,35704,36173,36796,37288,0,3200,1500,1500,1400,1500
0,100000,2,2,1,31,0,0,-1,-1,0,-1,92265,93873,1473,2946,1473,540,5000,1473,2946,0,540,780
0,50000,2,1,2,26,0,0,0,0,0,0,41003,42032,42699,43617,44509,45420,1733,1400,1300,1271,1300,4500
0,130000,2,3,2,32,0,0,0,0,0,2,119312,116259,103438,49319,91191,82168,20021,40354,20000,43608,103,10000
0,30000,2,2,2,22,0,0,0,0,0,0,27358,28612,29183,28983,13100,0,2000,1500,0,500,0,0
1,140000,1,2,1,34,-1,-1,-1,-1,-1,-1,430,430,702,430,430,430,430,702,430,430,430,860
0,210000,2,2,1,32,-1,0,0,0,2,0,164015,155235,151267,149478,145041,107495,9320,4894,3301,3,4994,116880
0,50000,1,2,1,38,0,0,0,0,0,0,48797,47153,43238,17253,16307,16651,1864,1811,594,587,1000,1000
0,310000,1,2,1,29,0,0,0,0,0,0,31132,45718,62992,62473,69837,69898,20000,20000,2500,11056,3000,4377
0,300000,2,1,1,31,-2,-2,-1,0,0,0,0,1110,12192,7639,1722,4064,1110,12192,300,191,4064,390
1,30000,2,2,2,47,2,2,2,2,2,2,16039,17080,17302,17521,17893,18252,1600,800,800,800,800,0
0,90000,2,3,1,40,0,0,0,0,0,0,89928,81721,76947,46589,47730,49488,3416,4142,1700,1888,2710,1500
1,150000,2,2,1,34,2,2,2,0,0,0,39465,42829,41845,42844,43999,45110,4000,0,2000,2000,2000,2000
0,90000,1,1,2,25,0,0,0,0,0,0,32755,31325,28034,29753,30601,33083,2000,3000,2000,3000,3000,1000
0,80000,2,3,2,65,0,0,0,0,0,0,84985,84247,81619,30095,20639,7849,4000,2048,1300,1700,401,180
1,100000,2,1,2,28,-1,-1,-1,-1,-1,-1,555,712,712,712,862,712,712,712,712,862,712,1840
0,10000,1,2,2,33,-2,-2,-2,-2,-2,-2,0,0,0,0,0,0,0,0,0,0,0,0
0,210000,1,1,2,31,0,0,0,0,0,0,161159,165071,173443,179686,197458,138218,8000,13000,10000,20000,7000,7000
0,170000,2,2,1,41,0,-1,-1,-1,-1,0,21170,9698,7360,6380,11937,6378,9734,7373,6380,11937,1000,6881
0,90000,2,2,1,32,1,2,2,2,2,2,85997,83779,88577,86365,91105,89347,0,7200,0,6200,24,3300
1,210000,2,3,2,36,1,-1,-1,-2,-1,-1,0,4866,0,0,5916,0,4866,0,0,5916,0,0
0,50000,2,1,2,26,0,0,0,0,0,0,36806,38212,39141,35524,30842,17043,2000,2000,8156,30000,1644,1209
0,150000,1,1,1,30,1,-1,2,-1,-1,-1,-819,35457,819,2145,17000,23698,36276,0,2145,17000,23698,411
0,80000,2,1,2,30,1,-1,-1,-1,-2,-2,0,1313,880,0,0,0,1313,883,0,0,0,0
1,130000,2,1,1,38,0,0,0,-2,-2,-2,64942,66775,0,0,0,0,4000,0,0,0,0,0
1,100000,1,2,2,30,1,3,7,6,7,8,72652,90461,89011,96593,105083,103522,20000,0,10000,10000,0,0
0,160000,1,1,1,41,0,0,0,-2,-1,0,53935,57997,-3,-3,2987,1993,5000,0,0,2990,6,2409
0,250000,1,2,2,31,0,0,0,0,0,0,14451,15774,16780,16807,17158,17500,1504,1510,537,556,559,658
0,500000,2,2,1,42,0,0,0,0,0,-1,60246,74832,126778,82611,71338,29756,40000,85000,139,20000,29761,70000
0,260000,1,2,2,32,0,0,0,0,0,0,106093,95060,90948,84986,84491,72248,4410,6500,9500,10000,9000,8000
0,50000,2,2,1,44,-2,-2,-2,-2,-2,-2,1473,390,390,390,390,0,390,390,390,390,0,780
0,30000,2,2,2,22,0,0,0,0,0,0,27388,29016,26941,27491,6726,0,2075,1000,550,135,0,0
0,110000,2,2,2,42,1,2,0,0,0,0,57046,51005,48572,49299,47126,48215,0,2100,2500,2000,2250,1200
0,500000,1,1,1,39,-1,-1,-1,-1,-1,-1,6057,9418,7667,6222,9435,7235,9418,7667,6222,9435,7235,8840
0,310000,2,1,2,32,0,0,0,0,0,0,35064,38195,39233,39577,42996,46319,4000,2000,2000,4000,4000,4000
0,580000,1,2,1,37,0,0,0,0,-1,-1,110417,89301,82057,27666,20226,276422,3757,2299,618,2636,326889,8689
0,340000,2,1,1,36,0,0,0,0,0,0,185268,326074,276519,251815,218706,165666,160444,10143,7190,6283,5208,4177
0,360000,2,2,1,42,-1,-1,-1,-1,-1,-1,22237,5683,1632,1632,22379,8901,6695,1632,1632,22379,8901,4852
0,290000,2,1,2,29,-1,-1,-1,-1,-1,-1,578,7124,7620,0,4788,0,7129,7620,0,4788,0,7026
0,30000,1,2,2,36,3,2,2,2,3,2,20424,19809,22478,24111,23447,24951,0,3000,2300,0,2500,0
0,80000,2,1,2,29,0,0,0,0,0,0,26524,23224,23141,22160,21478,20441,1500,1700,1000,1000,1000,1500
1,360000,1,1,1,38,-1,-1,-1,-1,-1,-1,780,0,390,390,390,390,0,390,390,390,390,390
0,170000,2,1,2,31,-1,-1,-1,-1,-1,-1,1561,1239,7315,10730,1686,9445,1239,7352,10730,1686,9445,3444
0,100000,1,2,1,42,0,0,0,0,2,0,56256,57685,58156,61103,59358,60060,3000,2688,5163,0,2358,2472
0,450000,1,2,2,37,0,0,-1,-1,0,0,457627,38692,4549,16885,6440,7440,1000,4549,16885,129,1000,0
0,260000,2,1,2,33,-2,-1,-1,-1,0,0,0,204,-810,2190,810,0,204,0,3000,0,0,0
0,240000,2,1,2,29,0,0,0,-1,-1,-1,25700,28677,22081,3428,67,1832,5009,2000,5000,0,3332,0
0,110000,2,2,2,28,0,0,0,-2,-2,-2,5660,1150,0,0,0,0,2000,0,0,0,0,0
0,240000,2,2,2,26,0,0,0,0,0,0,184501,177846,167934,169133,175175,146093,7627,6003,5504,10158,6000,6012
0,220000,2,2,2,35,0,0,0,0,0,0,34819,30937,30348,23459,23200,21281,2006,2022,1002,1007,1000,1008
0,20000,1,2,1,33,0,0,0,-2,-2,-2,2508,3448,-202,-202,950,0,1000,202,0,1152,0,1000
1,100000,2,1,1,51,1,-2,-2,-1,2,2,0,0,0,300,150,780,0,0,300,0,630,0
0,300000,1,1,2,32,-2,-2,-2,-2,-2,-2,264,264,264,264,414,264,264,264,264,414,264,264
1,20000,1,2,2,33,0,0,0,0,0,-1,8488,10179,11901,11901,9336,9054,2000,2000,0,0,9054,2000
0,360000,2,1,2,30,0,0,0,0,0,0,139762,143515,147037,146117,145884,147645,6000,6000,4818,5000,5000,4500
1,220000,1,1,2,28,0,0,0,0,0,0,221268,219545,216317,181012,181435,183283,8700,8500,6300,6700,7200,5300
0,470000,2,2,2,26,0,0,0,0,0,0,169699,170309,167876,170610,173643,178083,6200,7000,5716,5982,7000,5500
0,70000,2,2,2,22,0,0,0,0,0,0,65793,26665,22630,14573,15127,12596,2000,1400,291,1500,5000,2000
0,120000,2,1,2,26,0,0,0,0,0,0,10172,12400,14256,16859,17477,21588,3000,3000,4000,4000,5000,5000
0,50000,1,2,2,35,0,0,0,0,0,0,18510,19418,21097,21759,22421,23061,1500,2000,1000,1000,1000,1203
0,470000,1,2,1,49,0,0,0,0,0,0,169260,161760,154424,147137,138240,125866,6600,6170,5100,4726,4555,4375
0,130000,1,2,1,49,0,0,0,0,-1,-1,24008,21231,14323,7722,4689,-3614,3000,5000,2822,5000,0,6500
1,20000,2,1,2,24,-1,-1,-1,2,2,2,390,707,1320,930,780,240,1097,1003,0,240,0,780
0,260000,2,1,2,36,-2,-2,-2,-2,-1,-1,1891,2438,2280,746,1989,1668,2637,2280,746,1989,1668,2605
0,20000,1,1,1,39,-1,-1,-1,-1,-1,-1,628,662,596,630,664,598,700,600,700,700,600,1400
1,300000,2,1,2,28,2,-1,-1,0,0,-2,1314,168,1080,1080,0,0,170,1080,0,0,0,2500
0,460000,2,2,2,35,0,0,0,0,0,0,449790,450047,453770,396600,392879,398478,17610,17500,13810,14100,14520,15000
1,20000,2,1,2,24,1,-1,-1,-1,2,2,0,20087,2110,300,150,650,20087,2200,600,0,500,0
1,360000,2,2,2,27,0,0,0,0,0,0,238971,245515,248969,253896,259403,264352,10381,9036,9066,9576,9426,9435
0,290000,1,1,1,40,0,0,0,0,0,0,98441,95169,93718,89712,82809,76334,4000,4250,5000,3241,3500,7000
0,90000,1,1,1,30,0,0,0,0,0,0,38921,45577,46496,40244,39903,8629,12000,5000,3000,10000,1000,1838
0,180000,2,1,2,26,-1,-1,-1,-1,-1,-1,2049,0,351,631,13359,384,0,351,631,13359,384,487
0,360000,1,3,1,53,-2,-2,-2,-2,-2,-2,0,0,0,0,0,0,0,0,0,0,0,0
0,120000,1,1,1,45,0,0,0,0,0,0,20877,21909,22922,23376,23866,24339,1369,1382,836,866,870,902
0,220000,1,2,2,30,0,0,0,0,0,0,217800,189016,137788,106713,96588,22743,7261,5170,4054,4500,1225,110000
1,220000,1,1,2,34,2,2,0,0,0,2,203101,185384,149839,142404,120918,87005,311,38024,8105,10117,37,5264
1,10000,2,1,2,27,-1,-1,-2,-2,-2,-2,499,0,0,0,0,0,0,0,0,0,0,0
0,320000,2,2,2,31,0,0,0,0,0,0,104850,101705,93489,95033,96941,108463,3600,4277,4000,3600,13203,4500
0,320000,1,1,1,33,0,0,0,0,0,0,325445,202853,57051,161651,182265,0,10000,15000,105000,55000,0,0
0,90000,1,2,2,39,0,0,0,0,-1,0,50477,22472,20148,4708,5000,5028,3000,5000,500,5000,500,500
0,180000,1,1,1,50,0,0,0,0,0,0,66114,69436,72560,76169,77988,69293,5000,5000,5000,3000,5000,5000
0,90000,2,1,2,28,0,0,0,0,0,-1,88345,90260,87535,89335,19715,4709,3360,1947,2000,10000,4709,82400
0,100000,1,1,1,36,0,0,0,0,0,0,23070,18806,20183,21540,25775,0,1700,2000,2000,5000,0,0
0,340000,1,2,1,41,0,0,0,0,0,0,331003,332829,274467,275341,280913,270448,15110,11019,9502,9579,9026,8719
1,50000,1,1,2,22,0,0,2,0,0,0,47726,51161,48310,50332,47492,50782,5500,0,3000,3000,5000,0
0,240000,2,2,1,41,-1,0,-1,-1,-1,-1,20272,11294,16873,1143,4317,14940,1000,16906,1143,4317,14940,0
0,10000,1,2,2,41,1,2,2,2,2,2,8722,9592,9289,10140,10417,10104,1157,0,1008,584,0,198
1,220000,2,1,1,42,2,2,2,2,2,2,2500,2500,2500,2500,2500,2500,0,0,0,0,0,0
0,100000,2,2,2,37,0,0,0,0,0,0,107669,107529,73323,51125,46879,45538,3536,2821,3963,3147,2670,725
0,220000,2,1,1,31,-2,-2,-2,-2,-2,-2,3785,1137,377,5763,3952,412,1142,377,5763,3952,412,1294
0,70000,2,3,1,57,0,0,0,0,0,0,67864,65062,66447,49103,45830,46769,2620,2730,1936,1700,1700,2000
1,30000,2,2,2,37,3,2,2,0,0,0,29657,30320,28991,29066,29340,30786,1763,0,1178,1223,2435,1200
0,130000,2,3,2,53,-1,-1,-1,-1,-1,-1,11085,45677,27951,17255,10400,18776,45697,27951,17307,10400,18776,2944
0,140000,2,2,1,25,0,0,0,0,0,0,81960,81757,83046,84034,77659,77180,3005,3000,3000,3000,3000,5000
0,20000,1,2,2,32,0,0,-1,0,0,0,4485,4843,15992,14897,12792,10042,1000,16000,600,1000,500,0
1,150000,2,1,1,38,1,-2,-2,-2,-2,-2,0,0,0,0,0,0,0,0,0,0,0,0
0,50000,2,2,2,26,0,0,-2,-2,-2,-2,4136,0,0,0,0,0,0,0,0,0,0,0
0,90000,1,2,1,29,1,1,1,0,0,0,41073,43480,73960,2442,48063,48186,3100,1000,770,48012,1756,1894
0,170000,2,3,1,37,0,0,0,0,0,0,158920,164353,167455,99297,59888,44262,8000,7000,5000,5000,5000,20000
1,70000,1,1,2,30,2,2,0,0,0,0,34985,34146,35271,35986,36905,37641,0,2000,1300,1500,1500,1576
0,200000,2,1,2,43,-2,-2,-2,-2,-2,-2,830,-6,-6,657,2088,150,0,0,663,2088,150,594
0,200000,1,1,1,42,0,-1,0,0,-1,-1,19318,19067,17858,326,326,326,19067,5000,0,326,326,326
1,20000,1,2,1,40,1,2,0,0,0,0,20498,19692,20498,19898,19906,18586,0,1600,0,398,0,0
0,200000,1,2,1,41,0,0,0,0,0,0,96910,92934,99528,100341,102585,108567,10000,7004,5000,5003,7345,7000
0,170000,1,2,2,26,-2,-2,-2,-2,-2,-2,0,0,0,0,0,0,0,0,0,0,0,0
1,130000,1,1,2,25,1,-2,-2,-2,-2,-2,-2000,-2000,-2000,-2000,-2000,-2000,0,0,0,0,0,0
0,100000,2,1,2,27,0,0,0,0,2,0,90118,88435,90147,94425,92853,93816,4110,4101,6623,0,3503,3360
0,180000,1,2,2,31,0,0,0,2,0,0,28566,32876,39120,38339,42679,46953,5000,7000,0,5000,5000,5000
0,230000,2,3,2,26,-2,-1,0,0,0,0,1200,990,9079,11186,10159,11734,990,8089,2186,1159,1734,1200
0,20000,1,3,2,50,-1,-1,-1,-1,-1,0,2191,1140,12656,1693,303,12303,1140,12656,1700,500,12000,0
1,500000,2,1,1,35,0,0,0,0,0,0,35176,36193,44157,48322,21593,13866,2504,10004,5178,1047,2019,1004
1,150000,2,1,1,38,1,-2,-2,-2,-2,-2,0,0,0,0,0,0,0,0,0,0,0,0
1,80000,2,3,2,40,3,2,2,2,2,2,38503,40118,41199,42264,43083,43471,2500,2000,2000,1600,1200,2000
0,230000,1,2,1,29,0,0,0,0,0,0,56171,60250,63574,71941,75882,75619,5000,5000,10000,5000,5000,5000
1,80000,1,1,2,37,1,-2,-2,-2,-2,-2,0,0,0,0,0,0,0,0,0,0,0,0
0,230000,2,2,2,24,0,0,0,0,0,0,24973,24974,25566,23427,28229,31355,5000,5000,2100,5229,3355,4598
1,50000,2,2,2,49,2,0,-1,-1,-1,0,38947,37799,3,18080,12227,13296,2000,1000,19000,12500,2000,2000
0,50000,1,2,2,35,0,0,0,0,0,0,48813,50789,49624,19880,20431,19559,5000,23000,838,1000,1000,1000
0,10000,2,1,2,25,1,3,2,0,0,0,10438,10130,9738,9178,8398,0,0,0,0,0,0,0
0,140000,1,2,2,34,2,2,2,2,2,2,135949,130625,117392,111478,109353,97612,8408,3500,3500,3600,0,3600
1,50000,1,2,2,42,0,0,0,0,0,0,39236,39729,27068,28604,28199,58428,2094,1451,1987,1039,1500,1200
0,180000,1,3,2,28,0,0,0,0,0,0,129719,133702,133758,80055,69672,33194,6070,3521,5000,5000,5004,5029
1,360000,1,1,2,65,1,-2,-2,-2,-2,-2,0,0,0,0,0,0,0,0,0,0,0,0
0,580000,1,3,1,67,2,2,3,3,4,6,453985,470915,471175,486776,503914,527711,25704,9464,25065,25703,33000,215
0,310000,2,1,1,43,-2,-2,-2,-2,-2,-2,14619,1881,13750,9837,7785,14460,12484,13961,9838,7785,14460,14195
0,20000,1,3,2,52,0,0,2,0,0,0,16735,20373,12071,12567,13949,14318,4008,0,1000,1600,600,532
0,180000,2,1,2,43,-2,-1,-1,-1,0,-1,8657,6847,18762,22928,3129,2398,6847,18762,22928,0,2398,23149
0,60000,2,1,2,24,0,0,0,0,0,0,15050,16203,16891,15474,14612,16354,2000,1300,2000,1000,2000,1000
0,40000,2,3,1,59,0,0,0,0,0,2,14769,15271,15383,14548,16274,15650,1573,1512,504,2770,613,14
0,140000,2,2,1,34,0,0,2,0,0,0,121374,125965,102527,103337,105942,101830,8200,3000,4000,4500,4000,4200
0,220000,1,2,1,32,0,-1,-1,-1,-1,-1,8000,8288,8000,0,8000,0,8288,8000,0,8000,0,0
1,10000,1,2,2,22,0,0,0,0,0,0,8602,8728,9721,9609,9503,9771,1158,1151,339,344,425,195
0,20000,1,1,1,52,0,-1,-1,-1,0,-1,19965,390,390,780,780,10400,390,390,780,0,10400,0
0,50000,2,1,2,23,-1,0,0,0,0,0,15036,15790,18202,18601,19138,18319,1300,2701,700,847,655,700
1,50000,2,2,2,33,2,0,0,0,0,0,27752,28787,29800,30393,31031,33020,1487,1500,1081,1121,2500,0
0,320000,2,2,2,35,0,0,0,0,0,0,98697,100572,103621,103720,100136,102167,3891,5240,3616,3770,4264,3345
0,20000,1,2,2,34,-2,-2,-2,-2,-2,-2,2199,1530,750,2280,1500,780,1530,750,1140,3000,780,0
0,50000,1,2,1,40,0,0,0,0,0,0,48219,48978,49257,19641,20053,19613,2037,2316,690,715,718,690
0,340000,1,1,1,49,-1,-1,-1,-2,-1,2,1960,1052,6730,1346,3684,745,1228,7270,2000,4325,0,11271
1,360000,2,2,1,32,1,-2,-2,-2,-2,-2,-301,-301,-301,-301,-301,-301,0,0,0,0,0,0
0,300000,2,2,1,33,1,-2,-2,-2,-2,-2,0,0,0,0,0,0,0,0,0,0,0,0
0,40000,2,2,2,26,0,0,0,0,2,2,31475,32663,33813,34952,36447,35515,2000,2000,2000,2500,0,1500
0,150000,1,1,1,51,0,0,2,0,0,0,128968,138260,134573,136026,97517,47027,12900,0,5399,4224,1830,1889
1,20000,2,2,2,40,2,2,0,0,0,3,18278,17696,19008,19083,21871,21236,0,1612,687,3100,0,0
0,30000,2,3,1,35,1,-2,-1,0,0,-1,-5,-5,2605,893,895,2328,0,2610,18,2,2333,1
0,80000,2,2,1,27,-2,-2,-2,-2,-2,-2,390,0,780,0,0,0,390,780,0,0,0,0
1,390000,2,3,1,38,-2,-2,-2,-2,-1,-1,241,0,0,0,739,0,0,0,0,739,0,0
1,20000,2,2,2,22,1,2,2,2,2,2,5613,5377,6920,6911,6655,7191,0,1638,251,0,647,0
1,200000,1,2,1,42,0,0,0,0,0,0,68670,69702,70015,72073,71690,73661,4000,4000,5000,2563,5000,5000
0,80000,2,3,1,35,0,0,0,0,0,0,49544,50418,51810,28964,13059,13488,1970,2355,1500,1000,646,2000
1,50000,2,2,1,36,2,0,0,0,0,0,50922,50367,41627,42297,43031,45837,1715,1991,1661,1566,3526,0
0,230000,2,2,1,38,0,0,0,0,0,0,10906,9692,9162,10466,9426,8099,1364,1393,2003,1000,1000,500
0,190000,2,2,2,31,0,0,0,0,0,0,147586,155228,160588,162241,165794,168951,10000,7891,5743,6102,6000,6307
0,260000,1,3,1,36,-1,0,0,0,0,0,154462,153799,77156,73658,70273,67100,7425,2795,2779,2947,3400,5000
0,100000,2,1,1,39,-1,-1,-1,-1,-1,-1,29449,55139,34181,12592,71340,32453,55139,34181,12592,71340,32453,37035
0,140000,1,2,2,41,0,0,0,0,0,0,132758,83498,84837,85663,79852,81090,4002,3900,3000,2892,3059,3003
1,20000,2,2,1,42,2,0,0,0,0,0,12426,13143,14152,14435,14802,15256,1225,1234,517,600,700,710
0,80000,1,2,2,30,0,0,0,0,0,0,69392,64149,53200,29707,28427,10072,3046,1874,2000,1000,1000,199
0,360000,1,1,2,32,0,0,0,0,-1,-1,304907,309972,315730,113412,2500,0,12557,13738,5053,2500,0,0
1,70000,1,2,2,31,0,0,0,0,2,0,46079,47232,48618,51134,50222,48874,2200,2500,3600,0,1754,1892
1,30000,2,2,1,24,2,2,0,0,0,0,31214,28983,28301,31072,24147,4007,0,1400,3561,483,80,0
0,500000,2,1,1,39,0,0,0,0,0,0,358020,360047,369045,382231,204593,211655,15000,15000,20000,10000,10000,10000
0,320000,2,2,2,30,2,-1,-1,-1,-1,-1,416,416,416,416,1829,1833,416,416,416,1829,1833,2148
0,500000,2,1,1,34,0,0,0,0,0,0,32715,60927,76088,110294,108964,103548,30007,30000,50000,5000,5000,30000
0,240000,2,1,1,27,1,-2,-1,-1,0,0,0,0,402,14350,14129,10222,0,402,14350,1129,1222,204
0,50000,2,1,2,25,-1,-1,-1,-1,-1,-1,574,801,686,527,312,442,801,686,527,312,442,8016
0,120000,2,2,1,39,0,0,0,0,0,0,31611,32264,32786,33018,27114,26287,1562,1500,1059,988,922,826
0,250000,2,1,2,32,0,0,0,0,0,0,26465,30762,32833,34055,34321,23166,5000,3000,2500,1000,3050,4000
0,180000,2,2,1,39,0,0,0,0,0,0,65710,58159,60188,61090,62450,63911,2500,3000,2500,2500,2500,3000
0,10000,2,2,2,22,-1,-1,-1,-1,0,-1,5208,654,9954,9719,6547,654,654,9954,9919,0,654,264
0,200000,2,3,1,53,0,0,0,0,0,0,98426,91948,17042,10075,5107,7789,52306,1000,212,102,7786,4000
0,120000,2,1,2,29,-1,-1,-1,-1,-1,-1,380,380,380,380,380,380,380,380,380,380,380,2880
0,230000,1,2,1,38,-1,-1,-1,-1,-1,-1,326,326,326,326,326,326,326,326,326,326,326,326
0,330000,2,1,1,36,1,-2,-2,-1,-1,-1,0,0,0,1983,0,207,0,0,1983,0,207,49974
1,50000,2,2,2,28,0,0,0,0,0,0,28457,29491,30508,31599,32262,32904,1492,1509,1600,1170,1177,1217
0,130000,1,2,2,32,0,0,-2,-2,-2,-2,27495,0,0,0,0,0,0,0,0,0,0,0
1,110000,1,2,2,26,2,2,2,2,2,2,58112,56620,60732,61938,63097,64492,0,5700,2800,2300,2600,2300
0,30000,2,3,2,40,-1,0,0,-1,2,2,2208,7808,0,196,46,5346,7006,0,196,0,5300,0
0,120000,2,1,2,25,0,0,-1,0,0,-1,8676,10599,5814,4426,3038,5184,5000,5814,0,0,5184,7048
0,120000,2,1,2,28,-2,-1,-1,-1,0,0,398,954,0,170,170,0,958,0,170,0,0,0
0,210000,2,2,1,40,0,0,0,0,0,2,42820,44156,44864,45768,48204,49453,1856,1564,1468,3000,2000,2000
0,30000,1,2,1,47,1,2,0,0,2,2,15148,14620,15322,16469,16063,17295,0,1253,1400,0,1500,0
0,50000,1,3,2,27,2,2,2,2,2,2,54529,53143,53782,50982,51740,49062,1800,3900,300,3400,0,4000
0,140000,2,2,2,42,-1,-1,-1,0,-1,-1,176,395,1204,700,748,-784,395,1204,0,748,0,2688
0,140000,1,3,1,37,2,2,2,2,2,2,136184,138932,140185,136438,144979,139314,6400,5000,0,10800,0,5300
0,50000,1,2,1,55,0,0,0,0,0,0,50528,50541,49345,20238,18646,19034,2100,1305,1201,663,684,652
1,130000,1,3,1,46,1,2,0,0,0,0,26582,25956,25144,23235,13277,13895,100,2000,1000,700,1000,2000
1,80000,2,2,2,30,1,2,0,0,0,0,6393,6148,7311,7303,7456,7605,0,1266,258,267,269,278
0,50000,2,3,1,51,0,0,2,0,0,0,44766,48047,46640,40551,19398,0,4000,0,811,1000,0,0
0,100000,1,1,1,35,1,2,2,2,2,0,17365,18102,17514,20207,19745,20263,1310,0,3000,0,1000,1000
0,220000,1,2,1,48,-1,-1,-1,-1,-1,-1,61614,45669,11086,4564,6549,6413,45889,11134,4578,6593,6440,12249
0,260000,2,2,1,28,-1,-1,-1,0,-1,-1,711,711,5514,1989,711,8503,711,5514,0,711,8503,3011
0,320000,1,1,2,40,0,0,0,0,0,0,304702,307943,314201,319204,325758,319898,20000,12868,11721,12000,13000,11728
0,80000,2,2,1,30,0,0,0,0,0,0,5123,7864,9701,8969,8529,8737,3000,2005,1013,1000,350,500
0,140000,1,1,2,55,0,0,0,0,0,0,65640,66998,68201,68866,65781,66850,2800,3000,2500,2350,2400,2400
1,180000,1,2,1,26,0,0,0,2,-1,-1,175539,138825,51686,2594,171716,181693,3826,7000,0,171716,13400,0
0,80000,1,4,2,23,1,-1,-1,-1,0,0,-24,3032,3318,1278,2541,15452,3056,3324,1278,2003,15000,13004
0,250000,1,2,2,40,1,-2,-2,-2,-2,-2,0,0,0,0,0,0,0,0,0,0,0,0
0,80000,1,1,2,33,0,0,0,0,0,0,75454,77738,77235,76835,34751,0,4100,2000,0,0,0,0
1,30000,1,3,1,50,0,0,0,0,0,-1,28339,24232,15626,9330,4372,1419,1681,2000,0,0,1419,12000
0,120000,2,2,1,26,-1,-1,-1,-1,-1,-1,13587,11433,7823,0,4913,7023,11433,7823,0,4913,7023,2176
0,120000,2,2,2,29,0,0,0,0,0,0,82064,83847,85558,86491,88136,89886,4000,4000,3250,3195,3210,4200
0,20000,1,2,1,29,2,2,2,0,0,0,8024,11718,11238,12735,14359,19076,4000,0,2000,2000,5000,0
0,50000,1,2,2,40,0,0,0,0,-1,0,26566,14851,4013,2027,15090,14078,3000,1000,41,30525,477,688
0,250000,1,2,1,50,-2,-2,-2,-1,-1,-1,390,390,390,8042,16014,5607,390,390,8042,16014,5607,390
0,260000,1,1,2,37,0,0,0,0,0,0,112053,108596,100005,101759,100698,99222,5000,5000,5000,5000,5000,5000
0,180000,2,1,2,27,-1,2,-1,-1,-1,2,980,980,376,0,2202,150,0,376,0,2202,0,819
0,20000,1,3,1,49,-1,-1,-1,-1,-1,-1,390,678,0,780,0,378,678,0,780,0,378,0
1,150000,1,2,1,55,1,2,2,0,0,0,76516,78505,76652,77688,79440,81126,3800,0,2800,3000,3000,3200
0,260000,1,1,2,34,-1,-1,-1,-1,-1,-1,6776,3198,2123,11774,6166,3583,3222,2125,11892,6192,3601,3403
0,230000,1,1,1,43,1,2,2,2,2,2,9462,9701,10277,13148,12834,13861,1000,1000,3000,0,1200,0
0,70000,2,1,2,24,0,0,0,0,0,0,69572,71233,66844,50410,44958,46655,2828,2337,1702,1800,2600,2000
0,160000,2,1,1,33,-1,-1,-1,-1,0,0,7429,7165,1849,4715,799,0,8000,2000,4755,0,0,0
0,50000,2,2,1,42,1,-2,-2,-2,-2,-2,0,0,0,0,0,0,0,0,0,0,0,0
0,170000,1,2,1,37,-1,-1,-1,-1,-2,-1,490,-10,4910,0,0,1000,0,4920,0,0,1000,1030
0,210000,2,3,1,39,0,0,0,0,0,0,106028,107312,65968,67307,46511,47583,6000,5000,2697,2000,2012,1172
0,230000,1,1,2,28,1,-2,-2,-2,-2,-2,0,0,0,0,0,0,0,0,0,0,0,0
1,110000,1,2,1,36,2,2,2,2,2,2,57135,55648,59518,57964,66995,65762,0,4803,0,10000,0,7195
0,80000,2,2,1,39,0,0,-1,-1,-1,-1,44002,43156,22478,5011,4674,0,2300,22478,5011,4674,0,0
0,90000,2,2,1,54,-1,-1,-1,-1,-1,-1,692,392,332,14579,2091,506,394,332,14579,2091,506,417
1,90000,2,1,1,41,2,2,2,2,2,2,78700,80348,81630,82890,84709,86252,3500,3200,3200,3300,3100,3100
0,250000,2,1,1,42,-1,-1,2,0,-1,2,744,2244,1372,686,1522,686,2186,0,0,1522,0,4389
0,270000,1,2,2,31,1,2,2,2,2,0,16616,16911,14692,13907,10660,10683,2500,0,1000,0,2000,1000
0,20000,1,3,2,23,0,0,0,0,0,0,10103,11139,12106,12349,11420,11641,1205,1172,415,404,400,400
0,80000,2,5,2,34,1,2,-1,-1,-1,0,2898,1457,1261,1261,2522,1261,0,1261,1261,2522,0,780
0,20000,1,1,2,23,2,2,0,0,0,0,15077,15534,16540,17267,17475,17838,1000,1273,1000,631,650,803
0,150000,2,2,1,36,0,0,0,2,0,0,83853,87227,96253,93562,96510,63417,5000,11700,0,5000,2500,5000
1,80000,2,3,1,37,1,2,2,0,0,0,99396,100495,97982,100261,102147,91829,3560,0,3912,3832,3508,2800
0,130000,2,2,1,47,0,0,0,0,0,0,46096,37939,39138,40023,40536,41697,2167,2000,2000,1469,2000,2000
0,320000,2,1,2,28,-1,0,-1,-1,-1,-1,18506,12237,913,5356,58545,7357,1062,1116,5384,58837,7393,5926
1,50000,2,1,2,24,2,2,2,0,0,0,43379,46097,44187,43165,37967,36327,3628,8,1500,1490,1303,2000
0,260000,2,2,1,34,0,0,0,0,0,0,135489,138509,138076,110044,111906,104073,5007,5003,5004,4052,4010,3835
0,140000,2,1,2,35,2,2,2,2,2,2,56528,57973,58679,59379,60636,61656,2800,2100,2100,2200,2000,2400
1,10000,2,3,1,53,1,4,3,2,2,2,4479,4272,4064,3856,4390,4171,0,0,0,900,0,900
0,180000,1,1,2,30,0,0,0,0,0,0,139804,136528,57096,52694,50276,52945,7000,6000,3500,3500,3500,3900
0,250000,1,1,1,71,0,0,0,0,0,0,177484,177946,159849,145461,141487,147705,6243,5446,4721,4385,7805,200
1,20000,1,1,2,23,-1,2,2,2,2,2,15383,16142,15586,17322,16908,17564,1300,0,2000,0,1240,0
0,50000,1,3,2,28,0,0,0,0,0,0,48963,50381,50287,20406,20206,19690,2500,1293,839,870,940,865
0,120000,2,1,1,38,1,-2,-1,0,0,-2,0,0,4050,4050,0,0,0,4051,0,0,7,7
0,160000,2,2,1,49,1,2,2,2,2,2,58943,60210,60755,59180,62835,61670,2800,2120,0,4611,0,2213
0,60000,2,2,2,22,0,0,-1,-1,0,0,11718,4878,18347,15707,18976,6355,1000,37325,20800,3500,1232,113
0,130000,1,2,2,31,0,0,0,0,0,0,116437,112881,96191,88934,90633,91459,4911,3533,3301,3607,5516,7020
1,320000,1,2,1,41,1,-2,-2,-2,-2,-2,0,0,0,0,700,860,0,0,0,700,860,2420
0,50000,2,2,1,43,0,0,0,0,0,0,35268,34807,31071,30258,29579,28396,1600,1400,1500,1200,1500,1200
1,50000,1,2,2,33,0,0,0,0,0,0,48058,49348,41707,29358,29860,30461,2097,1456,1200,1100,1076,1200
1,70000,2,2,1,44,2,2,2,2,2,2,12662,13661,13145,14123,13754,14724,1500,0,1200,0,1200,0
0,80000,2,2,1,44,0,0,0,0,0,0,76992,73036,17576,5616,25439,25833,2000,1000,4554,21000,1000,1000
1,230000,1,2,2,27,-1,-1,-1,-1,0,0,416,568,1427,14947,13255,8226,568,1427,14947,437,1000,900
1,20000,1,3,2,43,-1,-1,2,0,0,0,390,1736,1170,780,780,0,1736,0,0,0,0,0
0,20000,2,3,2,39,0,0,2,2,3,2,12241,16020,16457,20906,20289,20407,4000,1000,4750,0,600,0
0,360000,1,2,2,42,0,-1,-1,-1,-1,-2,10000,10000,141,7054,-2946,-2946,10000,141,7054,1941,0,0
0,90000,2,1,2,28,-2,-2,-1,0,0,0,-1886,-2086,34347,35042,46098,46658,0,36633,1328,11696,1350,1337
0,160000,2,2,1,34,2,2,2,0,0,0,77290,72681,66526,66893,66637,67877,4500,2500,3000,3000,4000,2305
0,50000,1,1,2,36,1,2,2,2,0,0,49845,51215,47074,18853,19405,19237,2505,2300,0,1000,800,1000
0,220000,2,1,2,27,0,0,0,0,0,0,164855,168607,152765,152953,156065,145846,6102,7000,6500,5573,7000,8000
1,350000,1,1,2,42,2,0,0,0,0,0,320982,322788,272799,117867,117518,119718,12618,11127,4327,4261,4150,4153
0,120000,2,1,2,29,-1,-1,-1,0,-1,-1,3945,5795,10863,1601,1126,4802,5894,10863,0,1126,4802,9751
0,210000,2,1,2,30,1,2,0,0,0,0,73903,72153,73634,75095,76886,78604,0,2674,2687,3000,3000,3000
0,100000,2,2,1,31,2,2,0,0,0,2,17606,17040,19139,19325,20855,20372,0,2700,800,2000,0,1000
1,50000,2,3,2,52,0,0,0,0,0,0,34781,34458,33311,18033,18740,19408,1725,1800,3000,1000,1000,657
0,340000,2,1,2,26,-1,0,0,0,0,-1,58363,106270,159464,155685,137838,6556,56270,59503,3330,40,6556,16390
1,140000,1,1,1,57,2,2,2,2,2,3,108660,105504,113177,113622,116396,115826,0,10970,3805,4747,1932,8337
0,50000,1,2,2,42,0,0,0,0,0,0,47691,48738,48565,48301,50851,51153,3304,2300,2000,3500,3000,4000
0,50000,1,2,2,31,1,2,0,0,2,0,16617,16061,17082,18969,18524,18947,0,1294,2181,0,731,586
0,90000,2,1,2,27,0,0,0,0,0,0,56754,58835,59461,60974,62339,63648,3000,2200,2500,2500,2500,2600
1,160000,1,2,1,66,2,2,2,2,2,2,67771,69535,70848,71739,73090,74490,3400,3000,2600,2600,2700,2800
0,250000,1,2,2,27,0,0,0,0,0,0,34799,25831,24448,20492,18812,17663,2027,2000,1007,1031,2000,10000
0,50000,1,1,2,23,1,-2,-2,-2,-2,-1,0,0,0,0,0,19553,0,0,0,0,19553,389
0,300000,2,2,1,36,0,0,0,0,0,0,141486,79474,80813,111116,13534,10379,6000,5000,30303,2011,856,1010
0,230000,2,2,2,34,1,-2,-2,-2,-1,0,-2,-2,-2,-2,794,796,0,0,0,796,2,0
1,260000,1,1,1,43,1,-2,-2,-1,0,0,0,0,0,14855,13650,0,0,0,15055,0,0,0
0,60000,2,1,2,22,2,0,0,0,0,-1,58841,60970,58082,59882,19663,29343,3700,1400,2000,500,30000,1100
0,140000,1,3,1,41,-1,-1,-1,0,-1,-1,2139,0,1686,1686,205,6689,0,1686,0,205,6689,0
1,70000,2,3,3,49,2,0,0,0,0,0,92033,79841,80149,47735,48737,50225,3078,13489,7000,1771,2300,7600
1,20000,1,3,1,41,2,0,0,0,0,0,18738,18986,20110,19584,16539,19466,1376,1500,593,2701,4261,941
1,20000,2,2,1,27,3,2,0,0,2,3,4899,4675,5685,6490,6837,6435,0,1095,900,596,0,0
0,170000,1,4,1,28,0,0,0,-1,-1,-1,171098,166176,169759,11760,0,4902,14000,5695,11760,0,4902,6000
0,150000,2,3,0,55,-1,-1,-1,-1,-1,-1,1080,17493,9160,2939,3396,1870,17498,9160,2939,3396,1870,6800
0,50000,1,2,2,26,0,0,2,0,0,0,13117,16887,16323,16752,17229,18931,4000,0,1000,900,2000,379
1,60000,1,1,1,49,2,0,0,0,0,0,60289,57426,25820,25793,28224,28968,1580,1500,1100,3000,1200,1100
0,230000,2,1,2,29,-1,-1,-1,-1,-1,-1,1960,11055,2269,9818,690,5369,11055,2269,9818,690,5369,4285
0,100000,1,2,2,30,0,0,0,0,0,-1,31373,32155,32331,29035,19576,33825,1602,1451,4,41,34938,292
0,150000,1,1,2,24,-1,-1,-1,-1,-1,-1,1050,3258,3664,1461,2348,3626,3258,3735,1461,2348,3626,3089
0,70000,1,2,2,51,0,0,0,0,0,0,67880,66658,58486,29171,17725,17693,3028,3199,1267,642,651,1665
0,150000,1,1,2,25,0,0,0,0,0,-1,52952,95134,31578,26089,16624,5107,60086,2000,2000,5000,6000,9000
0,50000,2,2,2,25,0,0,0,0,0,0,23529,27889,22800,21930,23183,17613,4820,1500,1000,2000,1000,500
1,110000,2,1,2,29,2,2,2,2,2,2,95690,105101,105676,106506,103591,109276,11000,3800,4000,0,8800,0
1,290000,2,1,2,25,0,0,0,0,0,0,305823,303701,296384,248801,241983,230925,15000,10500,10000,15000,7844,23333
0,310000,2,2,2,42,0,0,0,0,0,0,128166,102808,94484,95087,80331,66813,3844,5000,5000,6000,6000,7000
0,80000,2,2,1,38,0,0,0,0,0,0,74236,63120,53897,54292,55430,57011,2125,2000,2000,2010,2500,1336
0,220000,1,1,1,54,-2,-2,-2,-2,-2,-2,0,0,0,0,0,0,0,0,0,0,0,0
0,230000,2,2,1,62,0,0,0,0,0,0,167635,170085,172204,173045,176163,179625,6474,7726,5601,6100,6427,6000
0,360000,1,1,1,52,0,0,0,0,0,0,236171,228951,220826,191655,162435,132093,8500,7800,6665,5670,4461,3100
0,320000,1,1,1,48,-1,-1,-1,-1,-1,-2,25840,13260,13217,17967,-13,-13,13326,13289,18064,0,0,0
0,20000,1,1,2,30,0,0,2,0,0,0,14406,20653,19995,19391,19120,19158,6500,84,7171,1000,1000,2000
0,360000,2,2,2,35,-1,-1,-1,-1,-1,-1,61793,79467,26943,148307,71373,7406,79651,26943,148307,71373,7406,3021
0,360000,2,2,1,38,1,-2,-2,-2,-2,-2,0,0,0,0,0,0,0,0,0,0,0,0
0,440000,2,1,1,37,-1,-1,0,-1,-1,-1,10858,46104,21349,11569,-1401,1773,50004,20000,12000,0,3773,0
1,400000,1,2,1,49,2,2,2,2,3,2,175904,179579,186539,196029,192680,195226,8000,11500,14100,4,6804,5
0,180000,1,2,1,35,1,2,0,0,0,0,32082,31293,31570,33370,33370,0,0,1400,2200,0,0,0
0,230000,2,1,2,30,1,-2,-2,-2,-2,-2,0,0,0,0,0,0,0,0,0,0,0,0
0,200000,2,1,2,29,0,0,0,0,0,0,9078,11612,12100,13900,15900,0,3000,1500,2000,2000,0,0
0,230000,1,1,1,34,0,0,0,0,0,0,22954,11225,10669,13498,12482,9949,1700,1380,8000,1000,4000,1000
0,50000,1,2,1,53,0,0,0,0,0,0,47824,48954,46716,18685,19076,19466,1948,1835,669,692,707,695
0,270000,1,1,2,36,-2,-2,-2,-2,-2,-2,15986,16635,15913,14192,10559,7672,2008,1513,1019,515,302,3050
0,440000,2,2,2,29,0,0,0,0,0,0,485921,234046,214092,201210,186455,169455,20000,7822,8000,6000,16000,4000
0,340000,1,1,1,53,-1,-1,-1,-2,-2,-1,3780,3295,1461,1903,1492,4409,3295,1461,1903,1492,4409,3396
0,320000,1,2,2,35,0,0,0,0,0,0,12233,16490,20011,17918,18627,19167,7000,4100,1000,1000,1000,1000
0,500000,2,2,2,36,-1,-1,-1,0,0,0,339,0,28119,29698,32229,27912,0,28119,2000,3200,3000,785
0,30000,2,2,1,33,-1,-1,-1,0,0,0,29568,3663,26539,28352,17596,7576,3701,27209,5024,523,1000,0
0,120000,2,3,2,55,0,0,0,0,0,0,102735,80762,77846,77404,75056,75951,3000,3000,2655,2664,3000,3000
0,310000,1,1,2,37,0,0,0,0,0,0,10513,11228,12222,12468,11809,12044,1193,1187,433,428,431,445
0,110000,2,3,2,31,0,-1,-1,-1,-1,-2,2705,2487,2500,2500,0,0,2487,2700,2500,0,0,0
0,400000,1,2,2,31,0,0,0,0,0,0,185677,189682,194509,199284,203502,195769,7000,8000,8000,7500,9000,5000
0,150000,2,1,1,55,-1,-1,-1,-2,-2,-2,2070,7620,0,0,0,0,7620,0,0,0,0,0
0,50000,1,1,1,42,0,0,0,-2,-2,-2,47454,30680,-220,-1000,-1000,0,3000,220,780,0,1000,0
0,270000,1,2,1,27,0,0,0,0,0,0,21256,19819,19200,18527,18413,18010,1618,1569,631,652,637,541
1,30000,2,3,1,39,0,0,0,0,-1,0,14517,3670,3280,2890,15839,13680,2500,2500,2500,15839,666,0
1,30000,1,1,1,57,0,0,2,3,2,0,23978,26749,28085,27344,26768,27454,3478,2073,0,0,1129,1163
0,20000,1,2,2,24,0,-1,-1,-1,-1,-1,10700,510,900,704,540,150,510,390,1094,2420,150,780
0,50000,2,2,2,22,0,0,0,0,0,0,18471,19483,19431,19307,19361,19738,1329,1307,683,857,856,834
0,100000,1,2,1,50,0,0,0,0,0,0,101430,87429,108011,104261,102451,99947,5001,64401,4000,4500,4200,3200
0,200000,2,1,2,29,1,-2,-1,-1,-1,-1,0,0,3941,16405,-150,2327,0,3941,16405,0,2477,0
0,500000,1,1,1,38,0,0,0,0,0,0,419487,389605,309466,246519,247263,251389,13000,20000,15000,9322,10000,10000
0,190000,1,2,1,43,0,0,0,0,0,0,90580,72260,80337,84221,91805,100053,10000,10000,10000,9000,10000,22000
0,130000,1,2,1,47,-1,-1,-1,-1,-1,-2,5837,21038,722,4399,0,0,21038,729,4399,0,0,5239
0,50000,1,2,2,23,0,0,2,0,-1,-1,17792,20036,18664,18416,416,416,2956,0,368,416,416,416
0,10000,1,3,2,22,0,0,0,0,0,0,9363,5062,6021,6763,7648,8367,1200,1200,1000,1000,1000,0
0,1000000,2,1,1,47,0,0,0,-1,0,0,964511,983931,535020,891586,927171,961664,50784,50723,896040,50000,50000,50256
0,150000,2,3,1,35,-1,-1,-1,-1,-1,-1,11500,4998,4996,4998,4998,49398,4998,4996,5000,4998,49398,4552
1,20000,1,2,1,37,0,0,-1,-1,-2,-1,17219,14640,19400,0,0,17666,2000,19400,0,0,17666,0
1,140000,2,1,2,30,2,-1,-1,-1,-1,-1,1070,4593,4705,1710,0,6096,4593,4705,1710,0,6096,0
0,210000,2,1,1,45,-2,-2,-2,-2,-2,-2,-200,-200,-200,0,2000,0,0,0,200,2000,0,0
0,360000,1,3,1,53,0,0,0,0,0,0,8669,8254,8988,6868,5604,6158,1303,1513,706,700,600,2000
0,60000,1,1,2,30,0,0,0,0,2,2,59959,49744,48257,46353,45481,48373,10020,4000,4000,0,3800,0
0,30000,1,2,1,33,0,0,0,0,0,0,15662,16601,21291,21939,22435,23160,1500,5000,1000,1000,1100,1000
0,140000,2,2,1,37,0,0,0,0,0,0,127693,26633,28180,29702,31223,35683,2000,2000,2000,2000,5000,2000
0,20000,2,1,2,21,0,0,0,0,0,-1,17471,14129,13937,9429,1393,2055,1400,3500,1567,162,2055,0
1,120000,2,2,2,32,0,0,0,0,0,2,15602,16482,16743,17185,18281,17312,2000,1551,2000,1500,457,7000
0,80000,1,1,1,45,1,-2,-1,-1,-1,-1,-50,-440,170,-220,390,0,0,1000,0,1000,0,780
0,50000,2,2,1,41,0,0,0,0,0,0,21910,23251,24059,24658,25212,25642,2000,1500,1000,1100,1000,1000
0,360000,2,1,2,27,1,-2,-1,-1,-1,-1,0,0,830,0,1271,179,0,830,0,1271,179,1970
0,500000,1,1,2,30,0,0,0,0,0,0,416171,437749,460317,472621,484993,496915,30000,30000,20000,20000,20000,70152
0,10000,1,2,2,21,0,0,0,0,0,0,7985,8677,9070,8880,9580,9000,1217,1000,200,700,200,0
0,210000,1,2,2,25,0,0,-2,-1,0,0,13899,-9,-9,3231,125140,124880,0,0,3240,125009,5009,5013
0,50000,1,3,2,41,0,0,2,0,0,0,22358,23257,23192,24073,21759,21959,1900,1000,1500,891,1000,700
0,200000,2,1,1,38,-1,2,-1,-1,-1,-1,6677,4561,1856,1856,1856,2508,0,1856,1856,1856,2508,26042
0,300000,2,1,2,36,-1,-1,-1,-2,-2,-2,10700,890,0,0,0,0,890,0,0,0,0,0
1,110000,1,2,2,24,0,0,0,0,0,0,44737,39590,39457,39075,39307,39564,2103,2005,2006,3006,3010,2013
1,50000,1,2,2,58,4,3,2,2,2,2,51996,51203,50071,8086,8263,9533,300,300,300,293,1400,400
1,340000,2,1,1,41,-1,2,-1,-1,2,-1,6814,6167,24386,3570,3094,14645,0,24386,3570,0,14645,4534
1,50000,2,2,1,32,-1,-1,-1,-2,-2,-2,819,699,0,0,0,0,699,0,0,0,0,0
0,110000,1,3,2,63,1,2,0,0,0,0,49992,48918,49890,46884,47350,43169,0,2164,1730,1788,1538,1607
0,600000,1,3,1,38,0,0,0,0,0,0,459600,372345,353121,337695,297541,256158,13713,13250,12854,11191,10029,10000
0,160000,1,1,2,32,-1,-1,-1,-1,0,0,2507,798,-2,2319,1523,-2,800,0,2321,4,0,801
0,450000,1,1,1,38,-1,-1,-1,-1,-1,-1,10591,7923,57139,15181,7247,13890,7964,57425,15257,7283,13959,11139
1,60000,1,1,2,31,1,-1,0,0,0,0,0,1012,22760,17032,6808,8741,1012,22066,5032,1565,8500,5205
1,310000,1,1,1,43,0,0,0,0,2,0,250708,256157,261550,285233,280905,272240,11000,11300,29841,69,9980,9546
0,20000,2,2,1,24,-1,0,0,-1,-1,-1,10361,19566,8746,3355,7143,1288,10000,1390,3355,7143,1288,0
0,60000,2,2,2,29,0,0,0,0,0,0,53274,54093,53111,50568,47791,45421,2591,2109,1705,2010,2000,1523
0,170000,2,2,1,38,-1,-1,-1,0,0,-2,521,5360,29271,26511,0,0,6439,29271,0,0,0,2730
0,190000,2,1,1,50,1,-1,-1,-1,-1,-2,0,2329,15951,332,0,0,2329,15990,332,0,0,0
1,230000,2,1,2,49,2,2,-1,-1,-1,-1,113,0,1100,0,2119,0,0,1100,0,2119,0,2916
0,80000,2,1,2,25,-2,-2,-2,-1,-1,-1,1174,0,0,5526,3292,12792,0,0,5526,3292,12807,600
0,120000,2,3,1,50,0,0,0,0,0,2,111564,112482,115046,80987,85921,84384,4200,4552,3100,6416,0,3228
0,20000,1,2,2,30,1,2,2,2,0,0,17260,19099,19309,18703,18937,20724,2422,816,0,685,2100,0
0,140000,2,2,1,26,0,0,0,0,0,-1,37283,24748,21854,21711,25999,902,7023,5080,10000,6000,902,18542
0,50000,1,2,2,24,0,0,0,0,0,0,49076,48923,49158,19270,18776,19167,2063,1298,700,800,815,237
0,180000,2,1,1,35,0,0,0,0,0,0,104335,108156,108874,111568,113817,116422,5500,4000,4500,4200,4500,4500
0,150000,2,3,1,50,-1,-1,-1,-1,-1,-1,3644,875,2162,0,5085,2887,875,2162,0,5085,2887,0
0,300000,2,1,2,35,0,0,0,0,0,0,294344,302638,300159,226705,229739,232942,15000,11311,7941,8412,9000,5258
0,380000,2,1,1,45,-1,-1,-1,-1,-2,-1,202,35993,86617,-3450,-3450,3502,37791,86697,0,0,7102,159753
1,90000,2,3,2,27,2,0,0,0,0,0,92290,90719,39902,39200,38531,32991,4183,1600,1280,1310,1432,1088
0,10000,2,2,2,22,1,2,2,2,0,0,8925,8637,10277,9736,9704,9725,0,1800,0,500,600,500
1,90000,2,3,2,28,2,0,0,0,2,0,63869,65212,66627,70652,69397,70842,2368,2500,5140,0,2600,3000
0,240000,1,1,1,34,-1,-1,-1,-1,-1,0,228,23282,48595,37573,26296,15788,23295,49000,37573,26296,7000,46495
0,180000,2,3,1,32,-1,-1,-1,-1,-1,0,396,712,712,712,1424,712,712,712,712,1424,0,5366
0,140000,1,1,2,32,0,0,0,0,0,0,101458,99196,78458,76387,76344,67302,3997,3520,2500,2689,2494,2498
1,280000,1,2,1,36,1,2,2,2,0,0,168708,172528,174328,170028,174281,185348,8000,6100,0,7000,14000,7000
1,120000,2,1,2,30,-1,-1,-1,-1,-1,-1,711,878,1131,441,441,441,878,1131,441,441,441,455
1,550000,2,2,1,32,0,0,0,0,0,0,546741,535509,548020,530672,155083,165975,22863,167622,14000,4300,158064,28840
0,170000,2,2,2,30,0,0,0,0,0,2,90727,93345,93812,95613,95972,97230,5000,5000,5000,4400,3000,3600
0,50000,2,2,1,36,2,2,2,0,0,2,2590,4836,4613,5378,5848,5606,2458,0,1000,557,0,2000
0,140000,2,2,1,35,0,0,0,0,0,0,137692,134899,137477,110865,69217,48018,5202,6405,4819,3091,2477,100002
0,10000,1,3,2,48,0,0,0,0,0,0,8858,9548,9540,9735,8070,0,1228,1000,195,161,0,0
0,240000,2,3,1,32,-1,-1,-1,-1,-1,0,1386,1207,1357,1559,23506,21532,1207,1357,1559,23506,1603,1407
0,30000,2,2,2,24,2,2,0,0,0,0,27954,27226,28427,28752,28447,24552,0,2000,1000,1100,1500,1000
1,30000,2,2,2,25,1,2,2,2,2,2,14149,15171,14635,15318,14930,16562,1543,0,1226,0,1882,0
0,200000,2,2,2,36,0,0,0,0,0,0,2324,3344,4450,14280,14894,15608,1064,1170,10000,1000,1000,464
0,140000,2,2,2,33,0,0,0,0,0,0,56426,41717,42823,25224,26855,23783,2000,2000,900,2000,10000,5000
0,200000,2,3,2,28,1,-2,-2,-1,-1,-1,0,0,0,304,13489,6788,0,0,304,13489,6788,188
0,80000,2,2,2,37,0,0,0,0,0,0,21054,21776,22790,23411,23882,24356,1365,1379,1000,1000,871,1000
1,100000,1,3,2,30,0,0,0,0,0,0,46675,46567,46638,46454,46262,47823,1800,2000,1700,1683,3500,1500
0,220000,1,2,2,26,2,2,2,2,2,0,215477,216099,210839,216988,213824,39819,5516,0,8275,0,800,223833
0,80000,2,2,2,25,0,0,0,0,0,0,7536,5024,5589,6094,45342,45877,1200,1100,1000,40000,1700,1700
0,350000,2,1,2,27,0,0,0,0,0,0,312770,320400,268598,250304,251436,249891,14599,10334,5728,8242,13138,4520
1,50000,2,2,2,26,0,0,0,0,-2,-2,33428,34385,35796,-229,-229,-229,1800,2100,0,0,0,0
0,360000,1,2,1,39,0,0,0,0,0,0,23690,67560,26649,15830,20025,21404,60284,16079,5024,9032,8035,12073
0,230000,2,2,1,33,0,0,2,-1,0,0,9530,12872,3724,153400,14788,21258,7000,0,153400,8000,10000,6000
1,30000,1,2,1,39,2,2,2,2,2,0,13888,16652,16087,17317,16900,17465,3000,0,1500,0,1000,3500
0,70000,2,2,2,24,0,0,2,2,2,2,41485,44697,47229,47956,47056,49565,4200,3600,1800,0,3308,2500
0,70000,2,2,2,23,-1,0,0,0,0,0,3082,4370,9353,15282,20400,12915,1500,5353,6282,6342,2055,3257
0,150000,2,1,1,44,1,-2,-1,-1,-2,-2,0,0,1512,0,0,0,0,1512,0,0,0,0
0,360000,1,1,2,35,-1,-1,-1,-1,2,0,1195,23944,884,789,244,244,23944,884,300,0,0,856
0,210000,2,2,1,56,1,-2,-2,-2,-2,-1,-325,-721,-1117,-1513,-1909,59017,0,0,0,0,61982,2200
0,50000,1,2,2,29,0,0,0,0,0,-2,32312,24213,24278,24750,0,0,1700,2000,1300,0,0,0
0,180000,2,2,2,48,-1,2,-1,-1,-1,-1,3116,1058,390,1726,390,2240,0,390,1726,390,2240,17488
0,210000,1,1,1,40,-1,-1,-1,-1,-1,-1,6223,8143,3712,3091,90817,308,8146,3719,3091,90817,308,3369
0,160000,2,3,1,53,-1,-1,-1,-1,-1,-1,2475,2475,5175,2475,3975,8175,2475,5175,2475,3975,8175,138
1,50000,2,3,1,37,2,0,0,0,0,0,38527,39609,40352,41183,42221,42935,2000,1700,1500,1700,1568,7400
0,200000,2,2,1,35,1,-2,-2,-2,-2,-1,0,0,0,0,0,688,0,0,0,0,688,0
0,20000,2,2,2,41,0,0,0,0,0,0,13723,14266,13305,14925,13925,9745,1500,2000,3000,4000,2000,0
0,500000,1,3,1,56,0,0,0,0,0,0,139117,130301,119701,121296,122477,125279,4500,5000,5000,5000,5000,5000
0,90000,2,3,1,49,0,0,0,0,0,0,104494,99941,95197,90508,85640,79775,3592,3382,3319,3172,4000,2360
0,70000,2,1,2,29,0,0,2,2,0,0,47310,51047,51727,50594,51823,54093,4500,1813,0,2046,3300,900
1,50000,2,3,1,49,0,0,-1,-1,-1,-1,33782,35650,390,390,46310,0,4000,390,390,46310,0,0
0,180000,1,1,1,37,-1,0,0,0,0,0,121915,116093,99267,74324,47642,37957,7416,7038,7000,6000,5000,5000
0,50000,1,2,2,27,1,3,2,2,0,0,41322,40383,42413,41434,45567,61595,0,3000,0,5000,20000,0
0,230000,2,2,2,33,0,0,0,0,0,0,232796,233564,235149,166637,165699,163858,9000,9500,6000,6150,6000,10500
0,70000,1,2,2,28,1,2,0,0,0,0,35155,26598,22793,23156,24810,27433,23,1637,1000,2000,3007,3014
1,30000,1,3,2,39,0,0,0,0,0,0,10178,14491,15504,15812,16143,16606,4491,1257,565,585,730,1000
0,10000,1,3,3,54,1,2,0,0,0,0,8210,7936,8792,9117,9305,9504,0,1146,471,483,502,460
0,90000,1,3,1,35,1,-1,2,2,-1,2,0,800,400,0,950,400,800,0,0,950,0,0
1,80000,2,3,1,43,2,2,3,3,2,3,68152,71459,73690,71908,76294,74788,5000,4000,0,5700,0,0
0,360000,2,1,1,46,1,-1,2,2,-1,-1,-200,2716,200,0,12140,42424,2916,0,0,12140,42424,19825
1,150000,2,1,2,29,-1,2,2,-1,2,-1,766,515,-150,974,269,191,0,85,1124,0,191,591
0,200000,2,1,1,32,1,2,2,-2,-2,-2,25830,780,0,0,0,0,0,0,0,0,0,0
0,300000,2,3,2,38,0,0,0,0,-1,-1,35103,43782,44508,67484,500,7391,10000,6000,30000,500,7391,7000
1,500000,1,1,1,37,-2,-2,-2,-2,-2,-2,0,0,0,0,0,0,0,0,0,0,0,0
0,210000,1,1,2,27,-1,0,0,0,0,0,25025,25336,26029,26816,21116,10721,5000,4000,5000,3000,3000,3500
0,80000,2,2,2,33,0,-1,-1,0,-1,-1,17254,811,1533,722,811,337,1000,1533,0,900,337,1000
0,200000,2,1,1,44,2,0,0,0,0,0,188553,192100,126343,125700,126448,81008,8011,5203,4000,5000,3001,3000
1,230000,2,1,1,30,-1,-1,0,0,0,0,2212,17402,32450,17285,9766,9981,17402,20013,346,5000,8000,5000
0,60000,2,1,1,29,0,0,0,3,2,2,51855,53220,59244,57889,59017,56637,2200,7000,0,2013,7577,13
1,180000,1,2,2,32,1,2,2,0,0,0,172842,177065,163930,136145,133843,134352,8500,0,7000,5000,8000,5000
0,80000,1,2,1,26,0,0,0,0,0,0,51751,43280,44234,45276,39808,40598,2000,2000,1668,2000,1453,1664
0,220000,2,1,1,44,-2,-2,-2,-2,-2,-2,0,0,0,0,0,0,0,0,0,0,0,0
0,30000,2,2,1,26,0,0,0,-1,2,-1,10540,9766,-2643,2596,1123,2390,1081,0,6712,0,2780,0
0,30000,2,1,2,30,1,-2,-1,-1,-1,-1,0,0,4990,4322,1955,980,0,4990,4322,1955,980,7490
0,30000,1,2,2,25,0,0,0,0,0,0,8864,10062,11581,12580,13716,14828,1500,2000,1500,1500,1500,2000
0,150000,1,2,1,40,0,0,0,0,0,0,54021,55154,56280,57397,58599,60668,2003,2044,2054,2127,3044,3150
0,30000,2,2,1,47,1,2,0,0,0,0,23709,23047,24056,24380,24835,25423,0,1698,1022,1000,1000,1000
0,180000,1,2,2,26,0,0,0,0,0,0,93169,58983,60506,58458,60770,61628,4500,4000,4000,4000,4000,4000
0,30000,1,1,2,56,2,0,0,0,0,0,27033,27772,28740,29313,29019,28916,1480,1448,1021,1040,1216,1270
0,240000,2,1,2,28,0,0,0,0,0,0,236772,201463,187916,149293,150614,150911,10000,7000,10040,7000,6000,5000
0,120000,2,2,2,31,0,0,0,0,0,0,26307,27361,28878,30428,31818,34293,1483,2000,2000,2000,3000,3000
0,150000,2,3,1,43,0,0,0,0,0,-2,17541,19021,7861,7691,0,0,2000,2000,2000,0,0,0
0,180000,2,1,1,47,1,-2,-1,-1,-1,-2,0,0,1154,2000,0,0,0,1154,2000,0,0,415
0,50000,1,2,1,46,0,0,0,0,0,0,44573,60540,15993,16327,16863,17282,2200,2600,600,800,700,700
1,360000,2,1,2,26,1,-2,-2,-1,-1,-2,-200,-200,0,3000,0,0,0,200,3000,0,0,0
0,30000,2,3,3,60,-1,-1,-2,-2,-1,-1,2365,-581,-581,-2054,1473,14510,0,0,0,5000,14510,0
0,50000,1,2,1,24,-1,-1,-1,0,0,0,390,918,19583,19593,19364,19893,918,19583,1000,1000,1000,1000
0,30000,2,2,1,39,-1,3,2,0,-1,3,1742,1560,780,780,2057,1737,0,0,0,2057,0,0
0,50000,2,1,2,53,0,0,0,0,0,0,50777,51086,50321,20141,18039,19349,2504,2059,666,1000,2008,1513
0,90000,1,2,2,30,0,0,0,-2,-2,-2,46927,40000,0,0,0,0,4000,0,0,0,0,85000
1,200000,2,2,2,39,7,6,5,4,3,2,195156,190843,186029,181866,179272,148704,0,0,0,39,85,3054
0,50000,1,3,2,52,0,0,0,0,0,0,47479,49344,19596,19194,19201,19199,29456,1300,675,694,704,798
0,80000,2,2,2,40,0,0,0,0,0,0,33918,50878,51787,52422,53608,50312,20000,2400,2000,2100,2500,2000
0,50000,2,2,2,41,0,0,0,-2,-2,-2,45408,36025,0,0,0,0,2025,0,0,0,0,0
0,200000,2,2,2,23,-1,-1,-1,-1,-2,-1,964,-36,1000,0,0,43527,0,1036,0,0,54677,872
0,90000,2,2,1,36,0,0,0,0,0,0,89309,88544,88888,48534,49874,32078,5000,3500,2000,2100,1000,1000
0,240000,1,1,2,28,0,0,0,0,0,0,199671,193523,187389,181348,174998,168176,7000,7000,7000,6500,6000,6000
1,90000,2,1,2,29,-2,-2,-2,-2,-2,-2,1709,2522,3426,3426,2921,2197,2522,3426,3426,2921,2197,3087
0,10000,1,1,2,23,2,2,2,2,-2,-1,2724,5520,5275,0,0,150,3000,0,0,0,150,275
0,210000,2,1,1,38,-1,-1,2,2,-1,-1,2360,4707,4465,0,9306,5855,4465,0,0,9306,5855,9840
0,140000,2,2,2,26,0,0,0,0,-1,-1,12436,14910,13780,13710,488,-1450,3380,1200,2000,500,0,0
0,50000,2,1,1,29,0,0,0,0,0,0,29719,30754,31939,33102,33918,35197,1815,2000,2000,1500,2000,1500
1,50000,2,2,1,28,0,0,0,0,0,0,36380,51418,43095,29717,30368,29113,30000,2052,1034,1100,1088,883
0,230000,2,3,1,45,-1,-1,-2,-1,0,-1,1633,8410,5722,10371,9998,1328,8435,5955,10371,0,1332,0
0,150000,2,2,2,27,-1,-1,-1,-1,0,0,4914,6237,3280,11167,15915,16268,6237,3280,11167,10000,686,352
0,240000,1,2,1,36,0,0,0,0,0,0,10767,144915,142909,143531,144893,144121,140013,5206,5008,6011,5250,5033
0,80000,1,2,2,25,1,2,2,2,0,0,81774,79597,47168,45312,46263,47341,0,3667,0,1680,1848,1863
0,140000,2,3,2,33,1,-2,-2,-1,-1,-1,0,0,0,4647,250,4654,0,0,4647,5423,4404,0
0,290000,1,2,1,50,0,0,0,0,0,0,88713,79214,81301,84033,86513,90056,3459,4000,5000,4000,5000,5000
0,80000,1,5,1,29,0,0,0,0,0,0,80534,78179,79348,81099,80540,67069,3006,2641,2827,2671,2611,2417
0,400000,1,2,1,34,0,0,0,0,0,0,372724,394443,398634,210628,203102,85374,28000,14547,8078,6500,5000,3012
0,20000,1,3,3,46,0,0,-1,0,-1,-1,20393,19908,20310,15617,219,1205,1425,20310,1020,219,1205,109
0,360000,1,1,2,30,-1,-1,-1,-1,-1,-1,11487,307,400,589,956,1383,307,400,589,956,1383,448
1,260000,2,2,2,25,0,0,0,0,-1,0,16373,15249,15018,15520,3491,5651,5006,5000,5000,3491,3000,2000
0,30000,1,1,2,28,1,2,2,0,0,0,10056,9815,7576,5746,3900,1944,2000,0,144,128,39,1944
1,130000,1,2,2,27,0,0,0,0,-1,0,131406,125858,118536,34394,66701,58437,5000,3572,3153,69200,2500,10000
0,490000,1,1,1,41,0,0,0,0,0,0,95997,98047,100412,102736,105083,107334,3600,4000,4000,4000,4000,4000
0,580000,1,1,1,42,0,0,0,0,0,0,264482,267508,255409,256321,250358,236608,9431,8842,7663,7814,7794,7887
1,20000,1,2,1,34,0,0,2,0,0,0,12619,14896,14360,14921,15328,16474,2800,0,800,800,1400,1000
0,180000,2,1,2,32,0,-1,0,0,0,-1,64008,3414,3844,5344,4000,10395,3414,1500,1500,0,10395,3600
0,90000,2,1,2,26,-1,-1,-1,-1,-1,-1,1224,3120,1712,5000,0,4210,3128,1712,5000,0,4210,750
0,90000,1,2,2,25,0,-1,-1,0,-1,-1,2908,1051,2422,1051,1051,83573,1052,2422,0,1051,83573,3098
1,440000,2,1,1,54,2,0,0,0,0,0,276955,198150,183825,185971,189968,193799,8752,8200,6700,7000,6870,7000
0,280000,2,2,1,52,0,0,0,0,0,0,50667,50400,50108,49425,48977,48459,2007,2007,1370,1407,1359,1381
0,230000,1,1,2,29,0,0,0,0,0,0,121344,121415,25210,21433,18203,13931,6317,5516,2015,2014,2019,5536
0,300000,1,2,2,35,0,0,0,0,0,0,276536,206885,169901,170540,152188,101485,26531,10017,9123,10259,5079,3816
0,20000,2,2,1,41,-1,2,-1,-1,0,0,6565,4460,1500,8745,5316,4058,0,1500,8745,0,0,1664
0,80000,2,2,2,26,0,0,0,-1,0,0,27041,27797,5958,11341,5259,4278,5879,1000,11360,486,478,0
0,20000,1,2,2,24,8,7,6,5,4,3,24348,24025,23391,22757,21834,21200,0,0,0,0,0,0
1,220000,1,1,2,34,-1,-1,-1,-2,-2,-2,17875,3431,-344,-344,-601,-601,3431,0,0,0,0,0
0,210000,2,2,1,44,0,0,0,0,0,0,73487,75456,86171,87895,89022,90868,3748,13000,3081,3217,3312,3151
1,130000,1,3,2,49,2,0,0,0,0,0,60273,61839,62370,63429,26779,27521,2536,1857,1681,971,1186,1698
0,400000,1,1,1,66,0,0,0,0,0,0,258070,77910,61440,44590,12270,0,47000,1500,0,0,0,0
0,120000,2,1,2,25,-1,-1,-1,-1,-1,-1,9642,12557,3938,1110,9848,3301,12557,3938,1110,9848,3301,0
0,460000,2,2,1,33,0,0,0,0,0,0,128302,59254,52099,45512,39041,33571,2371,2008,1560,1457,1299,769
0,230000,2,1,1,42,-1,-1,-1,-1,-1,-1,2915,4203,167,3351,1644,1733,4203,200,3351,1644,1733,4737
0,210000,1,2,2,28,0,0,0,0,0,0,187992,193623,187501,167142,170910,174336,8500,8600,6500,6500,6300,7900
0,30000,2,2,2,23,-2,-2,-2,-2,-2,-2,318,0,0,0,0,0,0,0,0,0,0,0
0,50000,2,3,1,39,0,0,0,0,0,0,41250,40813,10695,8841,8140,8267,1501,1297,448,449,419,415
0,250000,2,1,2,29,-1,-1,0,0,0,0,1181,1545,2319,1856,4356,7026,1545,1000,1500,2500,3000,1379
1,50000,2,2,2,25,3,3,2,2,2,2,35592,36518,36822,37421,38424,39035,1800,1200,1500,1750,1390,0
1,40000,1,2,1,38,2,2,2,2,2,2,33152,33623,34773,33917,36704,40404,1300,2000,0,3500,4471,0
0,230000,1,2,1,35,0,0,2,0,0,0,28827,36326,35448,36551,37460,38831,8000,0,2000,1500,2000,1500
1,210000,1,1,2,33,1,-2,-2,-2,-1,-1,0,0,0,0,700,0,0,0,0,700,0,0
1,60000,1,2,2,30,0,0,0,2,2,2,15145,16618,18475,17919,19167,18750,2000,2100,0,1500,0,1500
0,500000,2,1,1,41,0,0,0,0,0,0,190730,194336,197284,199489,201484,204017,8501,8001,6701,6321,6401,6379
0,110000,2,2,2,28,0,0,0,0,0,0,81449,83241,84960,86045,88060,93394,4000,4000,3400,3400,7000,3450
0,400000,1,1,1,44,0,0,0,0,0,0,95719,96369,92336,91816,57477,66203,4652,3565,2731,10031,16027,25000
0,280000,1,1,1,51,-1,-1,-1,-1,-1,-1,1323,445,393,294,223,13635,445,393,294,223,13635,16192
0,60000,1,2,1,35,0,0,0,0,-1,-1,22226,18597,13801,8038,7340,-153,1292,2245,161,7340,0,20341
0,100000,1,3,1,47,0,0,-1,-1,-2,-2,3933,2162,856,-1267,-363,-2389,1000,1000,0,5100,0,0
0,230000,2,2,2,42,0,0,0,0,0,0,64489,58611,54463,53008,52835,40015,3100,5000,5000,10000,3000,5000
0,80000,2,3,2,24,1,-2,-1,-1,-1,-1,0,0,2455,2500,1307,1550,0,2455,2500,1307,1550,896
0,110000,2,2,1,43,0,0,0,0,0,0,45021,45782,46187,47105,45253,46144,2100,1800,1638,1490,1957,2000
0,390000,1,1,1,47,-1,-1,-1,0,0,-1,9361,-25,18401,13200,6385,7088,0,18426,34,31,7088,0
0,150000,2,2,2,39,1,2,2,0,0,2,21019,19890,19271,19037,20448,19345,1602,0,1000,1709,0,1000
1,180000,1,2,2,29,1,2,2,-2,-1,2,5265,5002,0,0,1378,978,0,0,0,1704,0,2690
0,500000,1,1,2,32,1,-1,-1,-1,0,0,-218,466,1267,155951,159749,167416,1000,1267,155000,6000,10000,8000
1,50000,1,3,1,32,2,3,2,2,2,2,39589,40160,40796,41526,42209,44960,1500,1600,1700,1500,3600,0
0,20000,2,3,2,49,0,0,2,0,-1,-1,8503,11352,10198,10400,1150,0,3008,0,600,1150,0,0
0,130000,2,2,2,24,1,-2,-1,-1,-1,-1,-10,-10,3362,-3,998,937,0,3372,0,1001,939,1013
0,110000,2,3,1,27,0,0,0,0,0,0,61152,60833,61245,47316,47175,47141,2326,3000,1807,1698,1911,1808
0,200000,1,2,1,29,0,0,0,2,2,2,45982,46328,47534,48367,49366,47539,2078,3900,1900,1904,12,5224
0,50000,2,2,1,47,0,0,0,0,0,0,48991,43412,33995,29759,29766,29665,2000,1500,1050,1100,1100,1200
0,130000,1,1,2,29,0,0,0,0,0,0,126974,122107,108542,89356,91024,89779,5988,4560,3300,3509,3500,3415
0,260000,1,2,2,28,0,0,2,0,0,0,149814,184419,163036,159348,160198,104389,107000,0,5000,5000,6000,60000
0,180000,1,2,1,30,-1,-1,-1,-1,-1,-1,220,4680,0,7500,4100,0,4686,0,7500,4100,0,4500
0,330000,2,1,1,29,-1,-1,-1,0,0,0,730,213,2368,3368,1377,0,213,2368,1000,190,0,0
0,80000,2,2,2,29,1,2,2,2,2,2,54033,52595,56709,55201,69270,70582,0,5000,0,15000,2600,0
1,320000,1,1,2,32,-1,2,-1,-1,-2,-2,752,169,1940,0,0,0,0,1948,0,0,0,0
0,20000,1,2,2,38,-1,-1,-1,0,0,-1,10462,3327,19305,17748,8269,1074,10287,19305,355,0,1074,0
1,50000,2,3,2,43,2,2,7,7,7,7,2400,2400,2400,2400,2400,2400,0,0,0,0,0,0
0,210000,2,3,1,40,0,0,0,0,0,0,201169,210942,214523,138786,140918,144099,16286,10011,5000,6000,6000,6000
1,420000,1,2,2,31,2,2,0,0,2,0,239293,90568,88997,93971,92203,93059,0,3500,6600,0,4000,3000
0,210000,2,2,2,35,-2,-2,-2,-2,-2,-2,2593,0,0,0,1849,12837,0,0,0,1849,12837,4201
0,160000,2,2,1,42,0,0,0,0,0,0,35815,38023,40180,41318,42605,43857,3000,3000,2000,2000,2000,2000
0,20000,2,1,2,25,0,0,0,0,0,0,17776,18886,19551,18964,19676,20116,1700,1300,662,1000,747,602
0,360000,1,1,2,35,-1,-1,-1,-1,-2,-1,2010,2936,640,0,0,4750,2936,640,0,0,4750,1470
1,30000,1,2,3,50,2,0,0,0,0,0,11479,12981,14450,14903,16500,18715,2000,2000,693,2000,2500,668
0,50000,1,2,2,27,1,-1,0,0,0,0,-697,48266,47194,48224,49416,50126,49900,1800,1700,1857,2474,469
1,30000,1,2,1,38,1,-1,-1,-1,-1,-2,0,2281,3666,2713,0,0,2281,3666,2713,0,0,0
0,30000,2,2,2,24,0,0,0,0,0,0,28008,29549,30298,30046,29880,27039,2000,2000,900,1000,2000,0
0,280000,2,2,2,24,-1,-1,0,0,-1,-1,1006,1853,2657,1416,2706,1229,1855,1422,7,2719,1235,3831
1,30000,2,3,2,24,2,0,0,2,2,0,30279,30428,30485,31012,30402,30195,1500,2700,1300,0,1117,1353
0,20000,1,2,2,33,0,0,0,0,0,2,12518,12889,9638,8878,6474,2771,1300,1000,1000,500,0,0
0,300000,2,1,1,51,0,0,0,0,0,0,108639,85818,90069,85008,83983,50257,4107,7346,65000,2500,2022,1800
0,180000,2,1,2,35,-1,3,2,0,-1,2,1880,1702,1196,870,3028,2508,0,0,0,3028,0,326
1,20000,2,2,1,24,4,3,2,2,2,2,16549,16002,16047,15492,16739,16320,0,600,0,1500,0,2000
0,80000,2,3,1,39,0,0,0,-2,-1,-1,4948,3804,0,0,1715,0,1000,0,0,1715,0,0
0,20000,2,2,1,47,0,0,0,0,0,0,19553,18092,18175,19000,20000,0,1417,2000,3005,2000,0,0
0,60000,1,1,2,29,0,0,0,0,0,-1,31462,31499,16773,11568,9727,3832,6037,5084,6000,4000,3832,3065
0,20000,1,2,2,22,0,0,2,2,2,0,18743,19879,18872,21178,20329,20853,3000,0,3000,0,1000,400
0,30000,2,3,1,67,1,2,0,0,0,0,30734,28092,29112,29555,28536,29252,0,1800,1200,1083,1200,1250
1,50000,1,1,2,33,1,2,2,0,0,2,26957,28230,27483,27728,29681,29053,2000,0,1000,2400,0,2400
0,80000,1,1,1,47,0,-1,-1,0,-1,-1,49735,25144,7905,7905,20616,7727,25144,8000,0,20616,7727,6191
1,170000,2,2,2,24,-1,-1,2,0,0,-1,1166,4144,3889,4889,4139,430,3000,0,1000,0,1000,17342
1,160000,1,1,1,36,-1,-1,-1,-1,-1,-1,816,316,316,316,316,316,316,316,316,316,316,316
0,130000,1,1,2,27,1,2,2,2,-2,-1,60024,58104,54976,-3518,-1285,1601,4000,0,1580,1580,3202,0
1,30000,2,2,1,34,2,2,2,2,0,0,31746,32743,32931,30727,29679,30088,1800,1100,0,1000,2327,0
0,100000,2,1,2,36,1,-1,-1,-2,-2,-2,0,780,0,0,0,0,780,0,0,7600,0,0
1,120000,2,2,2,25,3,3,2,2,2,2,87057,84821,85194,76326,75122,75011,0,2700,2500,3200,2500,0
1,150000,2,1,1,49,-1,-1,-2,-1,-1,-1,850,0,0,31106,0,1505,0,0,31106,0,1505,997
1,100000,2,3,1,24,1,2,0,0,0,0,56341,54869,67965,73871,79707,85433,0,14130,7065,7065,7065,0
1,30000,1,2,2,24,2,0,0,0,2,2,25851,26912,27535,29175,28625,30383,1779,1402,2042,0,2192,0
0,160000,2,2,2,45,-2,-2,-2,-2,-2,-2,2057,2147,1945,1934,2045,1938,2147,1945,1934,2056,1938,2544
0,120000,2,3,1,48,-2,-2,-2,-2,-2,-2,2468,7869,506,2097,758,2005,7890,506,2097,758,2005,360
0,160000,2,1,2,40,-1,0,0,-2,-2,-2,67925,69771,73233,72328,74234,75500,3509,5824,0,2204,2000,0
1,340000,2,1,1,35,1,-1,-1,-1,-2,-1,-8,1722,1684,-15,-15,3016,1730,1692,0,0,3031,0
0,240000,1,3,1,55,0,0,0,0,0,0,25631,27047,26654,28065,29503,32042,2500,2000,2000,2000,3000,2000
0,30000,2,3,1,42,1,2,0,0,0,0,30607,29849,30653,28410,29068,30383,10,2000,2000,2000,2000,3000
0,50000,1,2,1,54,0,0,0,2,0,0,47872,48802,50214,19321,19867,20384,2000,2456,0,1000,1000,1000
1,200000,1,2,2,25,1,-2,-2,-1,0,0,0,0,0,1517,48669,49635,0,0,1517,48000,1775,1992
0,80000,2,2,2,44,0,0,0,-1,-1,-1,17047,11885,8254,5144,15365,2250,1435,1350,5144,15365,2250,2690
1,50000,2,2,2,41,2,2,2,2,2,2,5025,4805,46295,46885,47535,45994,0,42000,1600,1500,2000,2000
0,130000,2,2,1,29,0,0,0,0,0,0,18157,16520,15709,13209,14166,14025,2000,1010,1003,2040,2000,1000
1,290000,1,1,1,57,1,-2,-2,-2,-2,-2,0,0,0,0,0,0,0,0,0,0,0,0
1,30000,2,3,1,44,0,0,0,0,0,0,27631,29179,30146,26371,27567,30114,2000,1500,933,2000,3000,1000
0,340000,1,3,1,40,0,0,0,0,0,0,77181,59873,60396,63720,65211,60053,5305,3000,5000,3000,5000,6000
0,180000,2,1,2,28,-1,-1,-1,-1,0,-1,651,1883,651,2688,1000,2253,1883,651,2688,20,2253,9816
0,60000,2,1,2,23,0,0,2,0,0,0,59423,63347,61183,29052,29087,27296,5500,146,1500,1200,1500,1500
0,390000,2,1,2,25,-1,0,0,0,0,0,83514,79730,64171,58767,54224,51667,4013,4000,2100,2000,3000,1200
0,460000,1,1,1,35,0,0,0,0,0,0,384919,393029,394483,338220,347753,356161,15045,16017,13000,15000,15025,7002
0,500000,1,1,1,51,0,0,0,0,0,0,396402,395484,333041,294173,300616,266973,14034,15040,12018,15028,10038,10018
0,30000,2,2,1,44,-1,2,2,2,2,2,8347,9560,9258,11096,11165,10837,1500,0,2000,392,0,2000
0,80000,2,2,2,25,1,2,2,2,2,2,28789,31026,31401,31986,32468,31794,2998,1183,1400,1139,0,1178
0,250000,2,2,1,41,-1,-1,-1,-1,-2,-2,37137,51803,4997,0,0,0,51811,9544,0,0,0,0
0,280000,2,1,2,26,0,0,0,0,0,0,146130,120750,105492,104061,105202,107143,5042,4000,4000,4000,4368,4000
1,30000,2,2,2,26,2,2,2,2,2,2,25615,29849,31034,28071,29978,29365,5000,2000,0,2500,0,600
1,30000,1,1,2,28,2,0,0,0,0,0,22329,23665,47968,24784,25784,2901,2000,1400,2000,1000,1000,1000
1,20000,1,2,2,27,1,3,2,2,2,2,19443,18851,19248,18648,20040,19464,0,1000,0,2000,0,817
1,380000,2,3,1,56,-2,-2,-2,-2,-2,-2,0,1349,5947,16735,6444,0,1349,5957,16735,6444,0,7699
1,100000,2,3,1,29,4,3,2,0,0,-1,175441,153992,132132,114431,116766,95961,0,0,0,2335,102075,0
1,180000,1,2,2,32,-1,-1,-1,-1,-1,-1,1071,1671,1981,4241,4542,5261,1671,1981,4241,4542,5261,4731
0,80000,2,1,2,25,0,0,0,0,0,0,3409,4489,5345,5454,5598,178,1144,1000,109,144,0,0
0,220000,1,1,2,31,0,0,0,0,0,0,163148,158197,158956,157953,157098,157099,5725,5971,5846,5887,5802,5895
0,170000,2,2,2,26,0,0,0,0,0,0,141476,143850,134502,122186,122506,117121,5113,4514,4376,4432,4142,3455
1,140000,2,1,2,29,2,2,2,2,2,2,97905,100152,100772,101562,103214,88085,4700,3200,3500,3193,0,2304
1,20000,1,1,2,29,2,2,3,2,2,2,10512,12044,11562,11080,11700,12357,2000,0,0,800,1000,500
0,100000,2,3,1,38,0,0,0,0,0,0,62427,63922,65864,66578,69503,72346,2500,3000,2400,4000,4000,4000
0,50000,2,3,1,47,0,0,0,0,0,0,32516,32774,33597,29105,26154,27699,1870,1693,1106,1473,3000,2507
0,300000,2,2,2,30,-1,-1,-1,-1,2,-1,2186,0,290,707,161,7705,0,290,1209,0,7705,3798
0,30000,2,3,2,25,0,0,0,0,2,2,26769,27138,28122,29139,28534,30360,1500,1447,3000,0,2300,0
0,50000,1,3,1,53,0,0,0,0,0,0,49696,50893,50532,19632,18573,17212,2000,2000,1000,763,626,3639
0,160000,1,2,2,37,-1,-1,0,0,0,0,3090,52125,26325,29638,35474,38190,52165,5000,7000,8000,5000,1200
0,80000,1,2,2,27,0,0,0,0,2,0,45920,47186,46882,49170,48269,49121,5013,5000,4000,0,2002,1692
0,140000,2,2,1,28,0,0,0,0,0,0,132070,134766,106450,106422,104337,106886,6000,4000,4000,4000,4300,3600
1,20000,1,2,2,23,1,2,0,0,0,0,19403,18541,19254,19456,19323,19265,0,1298,1000,692,766,998
0,50000,1,3,1,51,-1,-1,-1,-1,-1,0,17453,7802,22214,4985,6551,7117,8338,22232,4985,6551,5000,5000
1,200000,2,1,2,34,1,-2,-2,-1,2,2,0,0,0,347,197,2917,0,0,347,0,2720,0
1,80000,2,2,1,23,-2,-2,-2,-2,-2,-2,780,0,390,390,390,540,0,390,390,390,540,390
0,80000,2,2,2,27,1,2,2,0,0,0,81635,83465,81472,82332,84067,78510,3716,0,2989,3105,2973,2830
0,210000,2,1,2,39,-1,-1,-1,-1,-2,-2,6000,0,2880,0,0,0,0,2880,0,0,0,0
0,260000,1,2,1,28,0,0,0,-1,-1,-1,26303,9408,5082,7732,1379,-8,5030,2025,7770,1385,0,1775
1,200000,1,2,1,46,1,-1,-1,-1,-1,-1,0,552,2523,2327,2308,0,552,2531,2327,2308,0,0
1,110000,2,2,1,33,2,2,2,2,2,0,110327,112130,108533,112475,108976,108385,5332,0,7800,0,4428,3863
0,10000,1,2,2,23,0,0,0,0,2,2,5857,6722,8305,9405,9100,13392,1117,1700,1230,0,761,0
0,200000,1,1,2,30,0,0,2,0,0,2,91936,94698,77034,64886,71957,66658,7500,0,1500,10000,2000,0
1,300000,1,1,2,31,-1,-1,-1,-1,-1,-1,360,360,360,360,980,360,360,360,360,980,360,3420
0,360000,2,1,1,39,-1,-1,-1,-1,-2,-2,7001,1224,394,-6,-6,2199,1224,394,6,0,2205,401
0,290000,2,2,1,32,0,0,0,0,0,0,78200,79726,80890,81615,75661,77012,3700,3600,3000,3000,3000,3000
1,30000,1,3,1,26,1,2,0,0,0,0,30814,29551,24034,21155,18413,0,0,1500,1150,900,0,0
0,300000,1,1,1,47,-2,-2,-2,-2,-1,-1,0,225,4019,4509,7155,5778,225,4019,3860,5000,5778,23978
0,300000,2,1,2,28,-1,-1,-1,-1,-1,-1,986,2939,27754,10534,1954,2140,2964,27968,10597,1954,2140,390
0,210000,2,3,2,45,-2,-2,-1,-1,-2,-2,316,312,2368,316,316,316,312,2376,316,316,316,8611
1,50000,1,3,1,36,0,0,0,0,0,0,74969,76012,77330,70579,63751,56977,2846,2671,2396,2177,2146,2055
0,340000,2,1,2,26,0,0,0,0,0,0,337871,311076,156674,129651,126192,94722,11208,5000,23809,4136,3600,3169
1,330000,1,1,1,34,0,0,0,0,0,0,138009,141253,130567,128257,116988,105961,7015,7000,10007,6500,6600,9000
0,220000,2,1,2,28,0,0,0,0,0,0,44109,32978,30415,28038,25669,16003,5000,13500,14000,13500,13500,15550
0,100000,2,2,2,30,0,0,0,0,-2,-2,23939,23572,24148,0,0,0,1500,1011,0,0,0,0
1,260000,1,1,2,30,-1,-1,-1,-1,-1,-1,399,399,399,399,399,399,399,399,399,399,399,399
0,180000,1,2,2,30,-1,-1,-1,-1,-1,-1,440,30404,0,880,150,430,30404,0,880,150,430,747
0,200000,1,2,1,44,-1,-1,2,0,0,-1,780,390,1170,780,0,390,390,780,0,0,390,780
1,110000,2,3,2,41,0,0,0,0,0,0,90599,60949,62235,63499,64877,66230,2213,2300,2300,2400,2431,8700
1,20000,1,2,2,48,0,0,0,2,0,0,7186,9063,10909,10440,10803,11330,2000,2000,0,680,1000,0
0,60000,1,1,2,25,0,0,0,0,0,0,13123,14403,16150,17870,19571,21235,1500,2000,2000,2000,2000,1000
1,30000,1,3,1,28,2,2,2,2,2,4,23848,23873,24182,26022,27462,27531,700,1000,2550,2013,1108,0
1,30000,2,1,2,24,2,2,2,0,0,0,31202,32801,30092,30148,30222,28949,2415,0,1045,915,1063,409
1,420000,2,1,1,37,-1,-1,-1,-1,-1,-1,38386,316,9894,13811,12141,11820,316,9894,13811,12141,11820,38800
1,340000,1,1,1,34,-1,-1,-1,-1,2,0,332,332,332,142202,139245,116431,332,332,142402,6,20032,3022
0,270000,1,2,1,38,1,-2,-2,-2,-2,-2,0,0,0,0,0,0,0,0,0,0,0,0
0,360000,2,4,2,36,-2,-2,-1,0,0,0,15019,1221,6909,5954,4160,1726,2074,7039,10,1,4,45197
0,230000,2,1,2,25,-1,-1,-1,-1,-1,-1,736,645,855,0,590,0,645,855,0,590,0,299
0,50000,2,2,1,33,0,0,0,0,0,0,47327,48765,49149,44073,40260,30222,2200,1518,1414,1432,1300,1102
0,230000,2,1,2,28,-2,-2,-2,-2,-2,-2,-5,2148,2932,354,200,0,2153,2932,354,200,0,0
0,200000,2,1,1,38,-2,-2,-2,-2,-2,-2,-3,687,2740,2044,1614,2066,690,2753,2054,1622,2076,578
0,100000,2,2,2,24,0,0,0,0,0,0,101887,102069,100657,101565,101116,101764,4902,4507,3936,3982,4135,3676
0,150000,2,2,1,47,0,0,0,0,0,0,153404,144960,148146,142279,139905,142833,6900,7200,5450,5265,5443,5350
0,50000,1,3,2,28,0,0,0,0,0,0,46709,12889,50199,74405,38772,39438,1690,38000,1500,4000,2000,1500
0,60000,1,2,2,29,0,0,0,0,0,0,34081,23215,30340,28368,28962,26589,2000,8565,969,1004,1000,900
0,70000,2,2,2,30,0,0,0,2,0,0,10149,11454,9638,8761,8572,9274,2000,2000,0,1000,1000,4000
0,20000,1,2,2,23,-1,0,-1,0,0,0,5044,3700,13181,12596,11699,2154,1011,13181,5,1033,1781,305
0,50000,2,2,2,25,0,0,0,0,0,0,24408,25169,13368,14142,14911,15660,1300,1500,1000,1000,1000,1000
0,500000,2,1,1,33,2,2,-1,-1,-2,-1,1569,1379,1800,0,0,4012,0,1800,0,0,4012,0
0,390000,1,3,1,49,1,-2,-2,-2,-2,-2,0,0,0,0,0,5112,0,0,0,0,5112,0
0,90000,2,1,2,27,-2,-2,-2,-2,-2,-2,0,0,0,0,0,0,0,0,0,0,0,0
0,10000,1,2,2,22,0,0,0,-1,-1,-2,5748,3203,2162,2150,-440,0,1189,1025,3028,0,1000,0
1,30000,1,2,2,24,-1,-1,-1,0,0,-2,390,390,780,780,0,0,390,780,0,0,0,0
1,240000,1,3,1,35,1,-2,-2,-1,-1,-2,-2,-2,-2,968,-2,-2,0,0,970,0,0,0
0,180000,2,1,2,29,-1,0,0,0,0,0,36567,26613,26941,27705,21955,0,1682,1400,1554,0,0,0
0,70000,2,2,2,23,0,0,0,0,0,0,22658,31647,24487,25125,26651,26125,9397,1487,1039,2073,1045,1231
0,50000,1,2,2,26,-1,-1,-1,-1,-1,-1,1530,750,1140,1530,750,1140,750,1140,1530,750,1140,1530
0,20000,1,3,1,46,0,0,0,0,0,0,11325,12654,13659,13635,13922,14689,1519,1524,500,507,1000,500
1,260000,2,2,1,36,0,0,0,0,0,0,200593,206178,208601,213025,214931,219001,8500,7000,7508,7500,7595,7000
1,160000,1,2,1,26,-2,-2,-2,-2,-2,-2,0,0,0,0,0,0,0,0,0,0,0,0
0,250000,2,1,1,42,0,0,-2,-2,-2,-2,25298,0,0,0,0,0,0,0,0,0,0,0
0,20000,1,1,1,49,-1,-1,-1,-1,-2,-2,1044,0,5596,0,0,0,0,5596,0,0,0,0
0,210000,1,3,1,37,-1,-1,-1,-1,-1,-1,2359,1519,1939,1939,1939,1520,1519,1939,1939,1939,1520,2358
1,100000,2,1,1,35,2,0,0,2,2,2,47253,49489,53034,53568,54563,56013,3000,5000,2000,2000,2500,2300
0,100000,1,1,2,28,0,0,0,0,0,0,72970,100360,91329,76840,77455,79472,30000,4094,2900,2850,3300,3123
0,230000,2,2,1,34,-2,-2,-2,-2,-2,-2,2329,1894,2528,1865,1496,1873,1894,2532,1865,1496,1873,0
1,20000,1,2,2,25,0,0,0,0,0,0,13896,12906,13983,10983,5400,0,2000,2500,2000,0,0,0
1,40000,1,1,2,24,0,0,0,0,0,0,30096,30819,13816,10291,7441,7435,1300,2013,319,415,266,277
0,100000,1,3,1,51,-1,-1,-1,0,0,0,54530,37295,96251,36221,36424,37791,55000,100044,2000,2000,2000,3000
0,20000,1,3,2,26,0,0,0,0,0,0,16514,17547,18541,19250,19805,20356,1306,1300,1000,1000,1258,590
0,140000,1,2,2,32,0,0,0,0,0,0,31367,29652,30178,20989,17125,14739,1614,10018,2009,1003,1017,1012
0,50000,1,3,2,23,2,2,2,0,0,0,44470,51192,48506,18524,19239,19283,7800,173,1000,1000,1000,1000
0,30000,2,2,2,26,0,0,-1,0,0,0,17341,-1030,29718,27417,28489,28427,485,31509,1500,1502,1500,3000
0,80000,1,2,2,28,0,0,0,-2,-2,-2,15268,5135,0,0,0,0,1315,0,0,0,0,0
1,20000,2,3,1,31,0,0,0,0,0,0,15654,16425,17265,16647,12213,10998,1330,1170,500,420,397,221
0,210000,2,1,2,26,0,0,0,0,-1,-1,9899,6000,4100,0,10790,7373,1008,1000,0,10790,7373,0
0,220000,2,1,0,33,-1,-1,-1,-1,-1,-1,3378,1531,942,608,1738,277,1531,942,608,1738,277,492
0,150000,2,1,1,30,0,0,0,0,0,0,40046,47317,48849,35920,37433,10791,7995,5849,1196,2000,1000,1000
0,200000,1,1,2,28,-1,-1,-1,-1,-1,-1,508,10680,1190,527,4524,5522,10712,1194,527,4537,5538,3883
1,200000,2,1,2,28,2,2,2,2,0,0,68398,73564,73548,44234,42599,46192,6900,1966,12,1604,5164,1104
0,50000,1,2,2,39,0,0,0,0,0,0,26813,22999,17485,10588,8368,940,1708,1454,289,1508,1042,0
0,80000,2,1,2,28,0,0,0,0,2,2,9782,11620,14415,16177,16582,16178,2001,3000,2000,800,0,600
1,310000,2,1,2,32,-2,-2,-2,-2,-2,-2,20138,8267,65993,8543,1695,750,8267,66008,8543,1695,750,7350
0,210000,1,1,2,29,0,0,0,0,2,0,140619,144410,148555,156733,153230,155159,7000,9000,11550,0,5389,5338
1,140000,1,1,1,40,2,0,0,2,2,2,136785,137175,140773,133147,140350,136475,5051,12602,0,12000,0,5000
0,20000,2,2,1,32,0,0,0,0,0,0,15498,16409,17291,17588,18034,18658,1600,1600,1000,1000,1500,700
0,10000,2,1,2,23,1,-2,-2,-2,-2,-2,0,0,0,0,0,0,0,0,0,0,0,0
0,250000,2,1,2,30,0,-1,2,0,0,-1,5607,9416,3421,11521,20424,7467,10000,0,10000,10000,17771,322
0,280000,1,1,2,31,1,-1,-1,0,0,-2,0,3495,2783,2001,-339,-1180,3495,2783,0,0,0,0
0,210000,1,2,1,48,-1,-1,-1,0,-1,-1,8666,8666,17307,8666,8666,17303,8666,17307,173,8666,17303,173
0,10000,1,2,2,54,0,0,2,2,0,0,5186,8225,8244,7963,8134,9995,3300,300,0,299,2000,0
0,60000,2,3,1,59,0,0,0,0,-1,0,59174,60922,61800,0,51301,52327,3298,3000,0,51301,2029,2083
0,180000,2,1,2,38,0,0,-2,-2,-2,-2,184650,0,0,0,0,0,0,0,0,0,0,0
0,10000,2,1,2,31,1,-2,-2,-2,-2,-2,0,0,0,0,0,0,0,0,0,0,0,0
0,200000,2,1,1,41,-2,-1,2,0,-1,-1,0,5932,5674,1484,4680,0,5932,0,0,4680,0,0
0,120000,2,1,2,29,-1,-1,-1,-2,-1,-1,1171,644,-155,-155,745,542,1000,0,0,2530,542,922
0,160000,2,2,1,28,0,0,0,0,0,0,54232,55456,56625,57757,59424,60631,2100,2100,2500,3000,2200,2200
0,180000,1,1,1,48,0,0,0,0,0,0,167140,160707,162477,166861,171083,169365,8000,6000,7000,7000,7000,7000
0,60000,2,3,1,42,0,0,0,0,0,0,58186,58364,59108,38827,39670,37503,2382,2373,1324,1402,1460,1045
0,80000,1,2,1,27,0,0,0,0,0,0,73000,71338,47202,38133,39096,40510,5000,2000,1500,1500,2000,2000
0,200000,1,1,2,27,-1,0,-1,-1,-1,-1,9747,17230,198,875,1977,2052,10051,198,877,1982,2058,2939
1,20000,2,3,2,22,1,2,0,0,2,2,18590,17838,18680,19788,22265,21629,0,1307,1580,3100,0,1000
0,360000,2,2,2,31,0,0,-2,-2,-2,-2,17582,0,0,0,0,0,0,0,0,0,0,0
0,140000,2,1,2,43,1,2,0,0,0,0,147560,142435,142096,136836,139417,141889,3,5000,5000,5100,10200,5000
1,110000,2,3,1,46,0,0,2,2,0,0,94025,101460,102724,100188,102110,107014,8942,3800,0,3685,6580,4703
0,360000,2,1,1,33,1,-2,-2,-1,0,0,-200,-200,0,13467,17800,0,0,200,13467,5300,0,0
0,30000,2,1,2,22,-1,-1,-1,0,0,-2,3963,6222,2936,588,0,0,6222,2936,0,0,0,0
0,100000,1,2,2,25,0,0,0,0,-2,-2,76222,79564,49000,-1000,0,0,4700,1500,0,31000,0,0
1,60000,1,3,2,34,0,0,0,0,0,0,35187,36236,37220,37963,38875,39184,1616,1600,1336,1500,1448,1157
0,130000,2,1,2,32,1,-2,-1,-1,-2,-1,0,0,3726,0,0,1300,0,3726,0,0,1300,5400
0,240000,2,2,2,34,-1,-1,-1,-1,-1,0,5516,4950,5232,6464,3820,11870,4950,5232,6464,3820,10000,2000
1,210000,2,2,1,35,2,2,2,0,0,2,61189,62721,61115,62334,66196,64979,3100,0,2235,4870,0,2563
0,360000,1,1,2,25,-1,-1,-1,0,0,-1,586,14074,5672,5084,3317,1646,14076,5672,0,0,1646,3875
0,30000,2,2,2,22,1,2,2,0,0,-2,22167,22474,18180,15900,0,0,1000,150,0,0,0,0
0,480000,1,1,1,49,1,-1,-1,-1,-1,0,-220,38929,339176,33146,37337,33777,39149,344261,33312,37511,31383,10633
0,90000,2,6,2,49,-1,-1,-2,-2,-2,-2,1722,0,0,0,0,0,0,0,0,0,0,11135
0,50000,2,1,1,42,0,0,0,0,0,0,4908,7479,11902,13871,19466,8128,3000,5000,5000,7000,3000,2000
0,20000,1,3,2,41,0,0,0,0,0,0,9186,9459,10102,10452,10907,10400,1200,1200,500,1000,600,0
0,160000,2,2,2,27,-2,-2,-1,-1,-1,0,490,-85,5215,4115,3921,3421,3085,5300,1000,22200,2000,149763
0,90000,2,2,2,24,0,0,0,0,0,0,14520,14747,4753,5152,4664,4833,1240,1220,1000,500,800,1680
0,300000,2,5,1,34,-2,-2,-2,-2,-2,-2,9474,0,0,0,0,0,0,0,0,0,0,0
0,500000,1,1,1,43,-1,-1,-1,-1,-1,-1,640,600,1490,1822,1740,0,600,1490,1822,1740,0,1486
1,130000,2,3,2,36,1,-2,-2,-2,-2,-2,0,0,0,0,0,0,0,0,0,0,0,0
0,250000,1,3,1,62,0,0,0,0,0,0,38924,38468,35930,40106,38214,28494,5000,5000,5000,3000,2000,10000
1,10000,1,3,2,25,2,0,0,0,0,-2,4693,5371,6327,6055,0,0,1300,1600,400,0,0,0
0,340000,1,1,2,30,0,0,-1,-1,-1,0,1933,2855,872,981,22936,8097,1000,872,981,22936,5000,5939
0,60000,1,3,2,24,-1,0,0,0,0,0,15527,16882,18190,27465,27643,27816,2000,2000,10000,991,1010,989
0,50000,1,2,1,47,0,0,0,0,0,0,48308,48019,48647,26894,10875,15878,2200,2068,3048,418,12004,5001
0,170000,1,2,2,34,-1,-1,2,0,-1,-1,7885,7190,6854,3142,5000,0,2336,0,0,5000,0,0
1,490000,1,3,1,51,-1,-1,-1,-1,-1,-1,389,376,467,78,399,10,377,481,1,711,1,1
1,20000,2,2,1,26,0,0,0,0,2,0,17679,16720,17705,19228,18804,19316,1300,1277,1800,0,1000,1000
0,550000,1,2,1,47,0,0,0,0,0,-2,68328,76797,55200,30000,0,0,10000,20000,5000,0,0,0
0,340000,2,2,2,39,0,0,0,0,0,0,66623,61474,57160,58794,61231,62516,2500,2500,2500,3300,2200,3000
0,10000,1,2,2,32,0,0,0,0,0,0,9576,9028,9644,9790,9990,0,1384,1000,196,200,0,0
0,230000,2,2,2,25,-2,-2,-2,-2,-2,-2,0,0,13499,9078,11009,6172,0,13499,9117,11009,6172,869
0,30000,1,2,1,39,1,2,0,0,0,0,29388,27850,28525,29091,28923,29553,0,1452,1018,1038,1100,964
0,200000,2,2,2,42,-1,-1,0,0,-2,-1,73032,12928,88930,30000,67861,18929,12928,79365,30000,37861,18929,15004
0,450000,2,1,1,37,0,0,-1,-1,-1,-1,13371,13480,5747,3339,9458,7231,4000,5747,3339,18916,7231,4972
1,380000,1,3,1,44,0,0,0,0,0,0,329877,309781,295550,277650,264217,238368,12055,9837,9154,9042,8515,7745
1,50000,2,2,1,31,2,0,0,0,0,0,29767,30206,27905,17174,17533,17240,1615,1670,605,626,654,567
0,80000,2,1,2,27,0,0,0,0,0,0,23107,24674,25351,25981,26464,23714,5034,10000,1000,1000,1000,1000
1,150000,2,2,1,42,1,-2,-2,-1,-1,-1,0,0,0,11068,0,189,0,0,11068,0,189,3307
0,50000,2,2,2,44,0,0,0,0,-1,-1,49006,49139,47608,3990,390,0,2000,1000,3600,390,0,4870
0,210000,2,1,2,39,1,-2,-2,-2,-2,-2,0,0,0,0,0,0,0,0,0,0,0,0
0,100000,2,2,2,24,0,0,0,0,0,2,59712,61743,63714,65056,73062,71738,3000,3000,2400,9100,0,4000
0,100000,1,2,2,38,0,0,0,0,0,-1,25994,27173,44285,45433,3952,3723,1994,19462,3000,302,3723,15462
0,500000,1,1,1,45,0,0,0,0,0,0,3136,2345,8471,7234,5828,1906,2002,7505,145,33,1150,300
0,30000,2,3,1,58,0,0,0,0,0,0,9819,10873,9646,9995,10371,5139,1230,1100,419,600,500,500
0,50000,1,2,2,46,0,-1,0,0,0,0,53541,29308,20274,19945,20472,21000,31483,1408,3000,1000,869,5000
0,50000,2,2,2,23,-2,-2,-2,-2,-2,-2,0,0,0,0,0,0,0,0,0,0,0,0
0,420000,2,2,1,36,-1,-1,-1,-1,-1,-1,3663,4338,3400,2535,3216,4652,4338,3400,2535,3216,2652,2500
1,30000,2,2,1,32,2,2,0,0,0,-1,28156,27422,28335,20946,15525,7422,0,1542,1024,1000,7422,281
0,240000,1,1,2,32,0,0,0,0,0,0,240790,224497,213580,191771,166239,146584,6892,7866,5602,6118,6023,27064
0,80000,2,3,1,55,0,0,0,0,0,0,69116,64325,59653,55159,56277,57347,2500,2000,2000,2000,2000,2000
1,330000,1,1,2,45,0,0,0,0,0,0,265362,246735,248541,231534,230309,235992,7500,8001,7000,7000,8000,8000
1,50000,1,2,1,30,1,2,2,0,0,0,49371,50092,49029,25313,26006,27217,1800,240,1000,1100,1800,1500
1,200000,2,1,1,42,-2,-2,-2,-2,-2,-2,0,0,0,0,0,0,0,0,0,0,0,665
0,210000,2,1,1,34,1,-2,-1,-1,2,-1,-300,-716,416,1132,566,416,0,1548,1132,0,416,416
0,130000,1,2,2,31,1,2,2,2,0,0,70722,69040,70912,63626,59200,38263,0,4130,43,2000,1368,1418
0,390000,1,1,2,28,-1,0,0,0,0,0,10439,25143,35165,44543,45631,45793,15007,10529,10000,1773,2000,1592
0,100000,1,3,1,40,0,0,-1,-1,-2,-2,12878,7702,2377,0,0,0,2000,2377,40000,0,0,0
0,140000,2,1,1,33,0,0,0,0,0,0,85314,87042,90165,91318,94847,35773,4000,5000,2000,4000,5000,6000
1,80000,2,3,1,35,2,2,2,2,2,0,70002,71389,73788,74463,72834,74190,3100,4204,2790,0,3043,2625
1,50000,2,3,1,42,1,3,4,3,2,0,44498,46740,45718,44696,43848,44718,3240,0,0,0,1600,1845
0,50000,1,2,2,25,0,0,0,0,0,3,21316,23038,24720,26370,29332,28574,2375,2375,2375,3547,0,0
0,360000,1,1,1,39,1,-2,-2,-2,-1,-1,0,0,0,0,691,7020,0,0,0,691,7020,0
1,170000,2,2,1,49,1,2,0,0,0,0,153322,149027,150920,145689,33588,0,0,6320,5045,1000,0,0
0,50000,1,2,2,41,0,0,0,0,0,0,48152,45974,44792,18649,16260,18745,2043,3000,14000,545,5000,308
1,310000,2,1,2,25,2,0,0,0,0,0,266270,273719,235796,188031,170898,68369,11677,8406,6000,5074,3000,3000
1,210000,1,1,2,31,-1,-1,-1,-1,-1,-1,326,326,326,326,326,326,326,326,326,326,326,133
0,140000,1,2,1,37,0,0,0,0,0,0,90186,74504,72358,48081,45543,26788,2805,2877,1360,1400,1026,1200
0,150000,2,1,2,37,0,0,0,0,0,0,127111,106956,106129,106531,107062,109938,3878,3794,3783,3892,4662,3500
1,170000,1,1,1,40,-1,-1,-1,-1,-1,0,2000,2210,3000,2000,5000,3000,2210,3000,2000,5000,0,4000
1,260000,2,1,2,25,-1,2,-1,0,0,0,148,75,12117,9620,8690,11744,7,12117,2,0,3054,6972
0,170000,2,1,2,26,0,0,0,0,2,0,99387,102141,103972,108405,102303,99767,5250,5100,7500,0,3900,3600
0,310000,2,1,2,35,1,-2,-1,0,0,0,0,0,4488,4696,84522,86206,0,4488,264,80000,2950,3055
0,50000,2,3,2,23,0,0,0,0,0,2,34364,34212,33886,32929,34549,33458,1861,2004,1324,3768,1,1141
1,260000,2,1,1,35,2,2,-2,-1,0,0,1013,0,0,6895,3718,0,0,0,6895,0,0,0
1,100000,1,1,2,27,0,0,2,2,2,2,36014,39321,39145,39494,39896,28256,4200,900,1400,900,6440,500
0,40000,2,2,1,25,0,0,0,0,2,2,40633,40311,39380,41389,40628,41389,4300,2000,2938,0,3700,0
0,180000,2,1,1,46,1,2,2,2,2,2,82505,86302,84020,97554,95878,112141,6000,0,15000,0,18000,0
0,50000,1,3,1,41,2,2,2,0,0,0,26184,29261,28444,28878,27655,24480,3500,0,1100,1100,2000,1000
1,200000,1,1,2,29,-1,-1,-1,0,-1,-1,4810,0,726,726,495,1402,0,726,0,495,1562,1420
0,320000,2,2,1,53,0,0,0,0,0,0,33589,34608,38544,44486,52319,51764,3000,6000,8000,10000,1900,2000
0,220000,2,1,2,45,-1,-1,-1,-1,-1,-1,4624,2874,1210,632,15243,5471,2888,1216,640,15251,5472,4045
0,180000,1,2,1,46,0,0,0,0,0,0,60005,41223,49108,50016,45956,52926,3000,10000,3000,5000,15000,0
1,50000,2,2,2,36,0,0,0,0,0,2,94228,47635,42361,19574,20295,19439,2000,1500,1000,1800,0,1000
0,50000,2,2,2,22,0,0,0,0,0,-1,29637,30805,30336,13378,-1022,29857,1826,1200,268,0,31448,792
0,150000,2,1,2,32,0,0,0,0,0,0,83275,84220,77956,77682,52300,56223,3006,3000,2000,222,11170,5000
0,120000,2,1,1,38,-1,-1,2,-1,-1,-1,6856,17329,2047,8568,8814,17180,19600,0,14150,9000,17000,0
0,30000,1,2,2,34,0,0,0,0,0,0,29302,30052,29349,29476,30014,29785,1530,1416,1142,1102,1106,3450
1,10000,1,5,1,43,-1,0,0,0,-2,-2,17560,9829,3604,0,0,0,2537,1000,0,0,0,0
0,380000,1,1,2,34,-2,-2,-2,-2,-2,-2,34869,6305,5736,900,16915,936,6336,5766,904,16915,940,0
1,320000,2,1,1,38,1,-2,-2,-2,-2,-2,0,0,0,0,0,0,0,0,0,0,0,0
0,30000,2,2,2,41,0,-1,-1,0,-1,2,1448,1261,630,240,690,150,1261,630,0,840,0,780
0,470000,1,2,2,29,0,0,0,0,0,0,72830,49502,47771,52979,119678,94721,4003,4003,8003,70003,5030,6003
0,80000,2,3,1,40,0,0,0,0,0,0,75768,78069,79196,25722,26261,26784,3500,2934,897,929,935,984
0,20000,1,2,1,60,-1,-1,2,0,0,0,8570,10651,9944,10142,9591,10400,2620,0,500,380,1000,0
0,120000,1,1,1,51,0,0,2,0,0,0,125702,130461,131281,128594,117561,116732,8300,4500,4260,4595,4311,4280
0,150000,2,1,2,37,1,-2,-1,0,0,0,0,0,584,596,596,0,0,584,12,0,0,0
0,200000,2,2,2,43,0,0,0,0,0,0,180680,184436,188181,190775,196449,192085,8155,8302,7225,10153,6987,5262
0,20000,1,2,2,40,0,0,0,0,0,-2,45429,47961,49562,4410,0,0,2819,2420,88,0,0,0
0,170000,2,3,1,36,0,0,0,0,0,0,85780,80568,79823,79335,79506,80252,2906,3002,3000,3000,3500,3000
0,150000,2,1,2,34,-1,-1,-2,-1,0,-1,900,0,0,740,740,545,0,0,740,0,545,550
0,160000,1,2,2,30,-1,-1,-1,-1,-1,-1,632,0,632,316,0,316,0,632,316,0,316,316
0,280000,2,1,2,32,-1,-1,-1,-1,-1,-1,45536,11509,2110,2121,6789,14959,11509,5000,2121,6789,14959,16067
1,60000,1,1,1,42,2,0,0,0,0,2,39986,41036,42449,43243,48537,47606,2000,2100,1800,6000,0,2000
0,100000,1,3,1,44,0,0,0,0,0,0,39649,43608,46899,47447,48035,40484,5000,5000,1554,1595,1686,1200
0,360000,1,2,2,48,0,0,0,0,0,-2,68032,63174,44536,80570,8333,8325,4500,3000,50000,8400,8325,12967
0,500000,2,1,1,44,-2,-1,0,0,0,-1,71921,367979,294969,189612,128459,167105,368199,6486,234,90,167116,372495
1,290000,2,1,2,30,0,0,0,0,0,0,284239,284692,230891,232778,235004,226959,11000,10000,8000,10000,8000,7500
0,160000,2,1,2,31,-2,-2,-2,-1,-1,-1,0,0,0,150,150,150,0,0,150,150,150,178
0,50000,1,2,1,47,0,0,0,0,0,0,22923,23264,23879,23960,24067,24253,1400,1400,850,871,974,962
0,250000,2,2,1,35,0,0,0,0,0,0,27107,36565,39711,47523,52726,57649,10000,10000,10000,6000,6000,5000
0,350000,1,1,1,42,-1,-1,-1,-1,-1,-1,3800,3138,4150,3750,1362,8210,3138,4160,3750,2272,8210,9731
0,100000,2,2,1,22,0,0,0,0,0,0,99415,101507,99511,99813,95816,96884,4600,3478,3461,3461,3684,3510
0,30000,1,2,2,33,1,2,0,0,0,0,31956,30425,30615,29304,28996,28970,0,1753,1200,1041,1194,1100
0,450000,2,1,1,36,1,-1,-1,-2,-2,-2,0,2500,2500,0,0,0,2500,2500,0,0,0,0
0,20000,2,3,2,40,-1,-1,0,0,0,0,9755,894,5625,9625,12625,0,894,5000,4000,3000,0,0
0,30000,2,3,2,26,0,0,0,0,0,0,28063,29304,28047,26840,28271,28134,1700,1407,1200,2000,2000,1000
0,150000,2,3,2,47,0,0,0,2,0,0,103226,64671,64293,58024,59230,54638,2627,4123,0,1304,1338,376
0,30000,1,2,1,36,1,3,2,0,0,0,22327,21696,21054,21315,21623,22261,0,0,908,800,1000,1809
0,10000,1,3,2,23,0,0,0,0,0,0,6001,4308,3421,3615,4402,5173,2000,1500,400,1000,1000,500
0,50000,2,3,2,47,0,0,0,0,2,0,17569,18592,19621,21748,21262,21682,1613,1642,2769,0,923,950
0,50000,2,1,2,22,0,-1,-1,-1,-1,-1,4124,1070,0,1217,3766,381,1070,0,1217,3766,381,1980
0,130000,2,2,2,23,2,2,2,0,0,0,6271,6871,7599,9459,10303,11128,1500,1000,2000,1000,1000,1000
0,50000,2,3,2,22,0,0,0,0,0,0,47066,45132,47756,28275,28082,28846,2300,3862,2000,1100,1500,1100
0,180000,2,2,2,25,0,0,0,0,0,0,177633,139415,136942,114632,117808,120302,5203,30023,10024,10000,4458,5000
1,30000,1,2,1,47,2,2,2,0,0,0,24081,29818,28966,26902,25426,26799,6155,0,1030,1049,5000,482
0,60000,2,2,2,24,0,0,0,0,0,0,29717,28208,21372,18746,16745,16544,2076,1500,1500,689,2000,2983
0,200000,1,1,2,26,0,0,0,0,0,0,16811,21290,20207,23858,33236,33337,5023,4007,5001,10020,5073,5064
0,30000,2,3,2,23,0,0,-1,-1,-1,0,18292,18450,390,390,780,780,1000,390,390,780,0,0
0,320000,2,2,2,36,0,0,0,0,0,0,262613,164486,169691,188527,145676,135254,10043,15005,21640,5004,11628,20020
0,360000,2,1,1,37,-1,2,2,-2,-2,-2,1605,1448,0,0,0,0,14,0,0,0,0,0
0,60000,2,1,1,39,0,0,2,0,0,0,56045,59524,58563,56831,53628,34490,5000,2000,1000,3000,8000,0
0,50000,2,2,2,28,-2,-2,-1,0,0,0,13733,5570,2698,4640,6554,8434,2037,2698,2000,2000,2000,2000
0,30000,1,2,2,35,2,2,2,2,2,2,27143,28211,28654,27897,29587,30152,1800,1200,0,2300,1200,0
0,50000,2,2,1,31,1,2,0,0,0,0,34644,33669,19124,18117,18496,18880,0,1597,649,671,691,700
0,70000,2,1,2,24,0,0,0,0,0,0,42105,35575,32772,29766,29286,29404,1614,2042,2002,1052,1055,1063
0,310000,1,1,2,44,1,-1,-1,-2,-2,-2,-42,7281,0,0,0,0,7323,0,0,0,0,0
0,170000,2,2,2,39,-1,-1,-1,-1,-1,-1,2860,15643,1104,190,4786,2714,15643,1108,191,4786,2714,7714
0,150000,1,1,1,49,-2,-2,-2,-2,-2,-2,111348,109115,102598,3039,-309,-309,6000,4044,309,0,0,0
0,120000,2,1,2,30,-1,-1,-1,-1,-1,-1,3333,0,3333,0,984,984,0,3333,0,984,984,984
0,100000,2,1,2,33,0,0,0,0,0,0,75374,44796,47294,38712,39304,40479,2000,5000,1521,1595,2000,2716
1,140000,1,1,2,41,2,2,2,0,0,0,138379,143684,139902,142729,142406,142694,9000,0,6800,40000,5600,5900
0,180000,2,3,1,47,-1,0,0,0,0,0,14525,13828,10394,17562,8495,5090,1347,5000,10026,5000,785,5000
0,20000,2,3,1,51,0,0,-1,0,0,-2,19684,11580,780,780,0,0,1000,780,0,0,0,0
0,80000,2,2,2,25,1,-2,-2,-2,-2,-2,0,0,0,0,0,0,0,0,0,0,0,0
0,200000,2,2,1,39,0,0,0,0,0,0,178665,133266,95836,85635,66137,30410,3677,2441,1854,1567,5000,1953
0,200000,1,2,2,27,0,0,2,0,0,0,25334,26203,25652,25162,24995,23901,2204,1004,1004,1013,2018,4
0,30000,1,3,1,42,0,0,2,-1,-1,2,14617,20350,18456,4190,13702,13247,6000,28,5000,13702,0,10000
0,250000,2,2,2,40,-2,-2,-2,-2,-2,-2,0,1069,-320,-320,1680,4058,1069,320,0,2000,4058,3000
0,50000,1,3,2,30,1,2,3,2,2,2,31217,33423,32600,31777,33966,34759,3000,0,0,2700,1500,0
1,250000,1,1,2,31,-2,-2,-2,-2,-2,-2,-23,3102,4438,3416,-4,1404,3125,4455,3417,0,1408,1717
0,140000,2,1,2,25,0,0,0,0,0,0,23409,24725,26006,26771,28179,29746,2000,2000,1500,2000,2200,2000
0,170000,2,2,2,31,2,-1,-1,0,0,0,520,1316,6779,3416,2941,3518,1339,6779,2000,97,1002,1018
0,240000,2,2,2,47,-2,-2,-2,-2,-2,-2,316,21359,2762,10264,316,9801,21359,2762,10318,316,17677,31600
0,140000,2,1,1,37,0,0,0,0,0,0,135134,139178,139900,109665,108129,108067,6703,6120,4015,4042,4057,4012
0,50000,2,2,1,28,0,0,0,0,0,0,50998,51103,50262,20304,20319,20330,2209,1726,710,724,733,712
1,240000,2,2,1,47,1,2,2,2,2,2,124425,131943,133457,134749,132651,140600,10839,5000,4800,0,10000,5200
0,420000,2,2,1,57,-1,-1,-1,-1,-1,-1,666,2629,4352,1440,1486,2290,2629,4360,2064,1486,2290,1290
0,220000,1,1,1,53,-1,-1,-1,-1,-1,-1,1136,642,1582,1109,3319,2113,642,1582,1109,3319,2113,5410
0,70000,2,2,1,28,0,0,0,0,0,0,44230,44348,28978,17008,13780,14593,1747,1272,1212,1000,1020,800
0,90000,1,2,2,28,0,0,0,0,0,0,55779,51886,52495,47727,44404,35768,2100,2166,1400,1534,1300,665
0,220000,2,1,1,40,-2,-2,-2,-2,-2,-2,0,0,0,0,0,0,0,0,0,0,0,12096
0,200000,2,1,2,27,0,0,0,0,0,0,9314,6020,4817,2098,2280,4778,2020,2817,1098,1280,3778,3098
0,240000,1,3,1,55,0,0,0,0,0,0,229254,232693,189095,190481,194215,198313,8737,7506,6501,6501,7001,17001
0,310000,2,3,2,28,0,0,-1,-1,-1,-1,19610,14746,28216,4245,3500,396,10000,28216,4245,3500,396,396
1,80000,2,2,1,34,2,2,2,0,0,0,76142,80627,76776,61884,55501,54840,6611,1,3000,2504,2000,2200
0,290000,2,2,1,38,0,0,0,0,0,0,144160,147451,150617,153351,156213,158938,6000,6010,5600,5700,5700,6000
1,260000,1,2,1,43,0,0,0,0,0,0,175247,164173,152724,153527,153375,105491,8500,5950,4000,3000,6000,30588
1,120000,1,1,1,43,1,-2,-2,-2,-2,-2,0,0,0,0,0,0,0,0,0,0,0,0
0,260000,2,1,1,32,-1,-1,2,-1,-1,-1,598,2268,2268,1732,718,165,2268,0,1732,718,165,3735
0,360000,2,2,2,39,-1,2,2,-2,-2,-2,655,655,0,0,0,0,0,0,0,0,0,0
1,30000,2,3,1,36,0,0,0,0,0,0,7963,9152,10282,10180,10394,9614,1321,1451,349,362,343,356
1,30000,2,2,2,22,0,0,0,2,0,0,27444,29000,29886,28392,22612,22750,2000,1800,0,1000,1000,0
0,20000,1,1,2,22,0,0,0,0,0,0,3281,4325,5341,5751,6500,7386,1100,1100,500,1000,1000,1000
0,240000,2,2,2,25,0,0,0,0,0,0,175764,178600,182639,186275,190337,193961,6500,7000,6680,7070,6954,14870
1,200000,1,2,1,31,7,6,5,4,3,2,254266,240966,228663,217600,208432,200057,0,328,0,0,600,2500
0,70000,1,2,2,38,0,0,2,0,0,0,27000,31809,29776,30148,29918,29399,5600,0,1500,1057,2000,1035
0,200000,2,1,2,23,-2,-2,-2,-2,-2,-2,488,878,488,488,0,1915,878,488,488,0,1915,100
0,150000,2,1,2,31,-1,-1,-1,0,0,0,18395,-2390,10042,129691,88173,63034,312,20132,129665,127,315,0
0,160000,2,2,1,35,0,0,0,0,0,0,17742,12939,7035,4596,4635,2744,2000,1000,500,1000,1000,2000
0,180000,2,1,2,30,0,0,0,0,0,0,113647,52992,38394,30332,110824,99661,3000,3170,2000,100000,5000,4000
0,190000,1,2,1,39,0,0,0,0,0,0,144414,145572,142816,145463,147475,149853,7000,6000,6000,5500,6000,5500
0,20000,2,2,1,22,0,0,0,0,0,0,15749,16221,19836,14354,10962,9274,1500,5000,500,500,246,500
0,150000,1,1,2,27,0,0,0,0,0,0,82494,83044,84752,84743,78987,65590,3100,3500,3000,5000,3000,2500
0,310000,1,2,1,35,0,0,0,0,0,0,7589,9463,12296,15083,17840,20376,2000,3000,3000,3000,3000,3003
0,180000,2,2,1,36,0,0,0,0,0,0,98736,96566,81166,72463,72189,70712,6025,5000,6800,5000,5000,5000
1,80000,2,2,2,24,0,0,0,0,0,0,81908,83597,157646,79061,79834,81257,5501,3450,3000,3059,2915,2758
0,350000,2,2,1,41,0,0,0,0,0,0,85339,84393,86793,84406,73976,75497,5000,5016,5000,3000,3000,4000
0,50000,2,2,1,47,0,0,0,0,-2,-2,32547,33481,26775,0,0,0,1582,1800,0,0,0,0
0,90000,2,2,2,23,2,0,0,0,0,0,87669,86653,57819,30895,14543,9329,3499,3000,3000,10000,2000,10000
0,220000,1,2,1,35,0,0,-1,-1,-1,-1,112460,29300,8500,0,8500,8535,8500,8500,0,8500,8535,177000
1,50000,2,1,2,25,2,3,2,2,2,2,43870,42891,43582,44561,45592,46495,0,1700,2000,1900,1800,0
0,90000,1,3,1,46,-1,2,-1,-1,-1,-1,1651,390,390,390,1848,930,0,390,1950,1848,1710,0
0,400000,2,2,1,30,0,0,-1,-1,-1,-1,161226,139481,17939,10315,22728,11493,5000,17939,12845,22728,11493,10703
0,210000,2,3,1,40,-1,-1,0,0,0,0,2309,4791,4909,6588,9074,8651,4791,1909,2588,3074,3651,6349
1,180000,2,2,1,39,2,2,2,2,2,0,177113,180628,176137,183007,179505,105229,7800,0,11700,0,3775,7000
0,500000,1,1,1,55,-1,-1,-1,0,0,0,3925,11200,25509,9857,8945,9985,11253,25585,3,18,5034,5031
1,260000,2,2,1,39,2,0,0,2,0,0,228443,233958,252615,186443,190345,193739,10698,24799,0,7035,7078,7221
0,180000,2,2,2,26,0,0,0,0,0,-1,7149,12946,16163,13142,9800,4857,5946,3663,3159,3000,4857,6240
1,180000,2,2,1,34,-1,-1,-2,-2,-1,-1,8000,0,0,0,600,0,0,0,0,600,0,0
0,30000,2,1,2,24,0,0,0,0,0,0,22236,23574,24583,24915,25280,25791,1696,1705,1037,915,929,1097
0,360000,2,1,2,33,0,0,0,0,0,0,31482,31805,18203,13122,11547,10949,5119,5007,5002,5005,5024,4543
0,280000,2,1,1,47,-1,2,2,-1,0,0,2002,1311,0,430,430,-550,0,0,430,0,550,1304
1,100000,2,1,2,27,1,2,0,0,0,0,53213,50842,48205,47324,45723,46708,6,2031,1800,2000,1900,2000
0,50000,2,2,1,49,0,0,0,0,-1,-1,49467,41877,20082,5329,3990,2088,1472,1000,107,3990,2088,1470
0,20000,1,3,1,31,0,0,0,0,0,-2,17557,18739,19473,17136,0,0,1466,1200,343,0,0,0
1,80000,2,3,2,27,-2,-2,-2,-2,-2,-2,1672,0,1672,836,0,2902,0,1672,836,0,2902,836
0,110000,2,2,2,36,1,-1,-1,-2,-2,-2,0,780,0,0,0,0,780,0,0,0,0,0
1,50000,1,1,3,25,1,-1,2,-1,0,-1,6300,3395,3180,1831,1868,3300,9195,0,1831,37,3300,289
1,50000,2,2,1,50,0,0,0,-1,-1,-1,48119,48318,21750,4387,4392,9493,1554,1028,4387,4392,9493,492
0,20000,1,1,2,33,0,0,0,2,0,0,16117,17130,18655,17687,18023,18169,1285,2200,0,1000,1000,500
0,200000,2,3,1,41,0,0,0,0,-2,-2,98184,103228,119034,0,0,0,5143,19034,0,0,0,0
0,250000,2,2,2,44,1,-1,-1,0,0,0,0,664,62791,48598,50078,36050,664,65791,2000,2100,2000,0
1,150000,2,1,1,33,1,-2,-2,-2,-2,-2,0,0,0,0,0,0,0,0,0,0,0,0
1,50000,1,1,2,23,1,-2,-2,-2,-2,-2,0,0,0,0,0,0,0,0,0,0,0,0
0,200000,2,1,1,38,-1,-1,2,2,2,-1,1779,1354,250,7250,2639,10207,1354,0,7000,0,10500,3500
0,220000,1,2,1,38,0,0,0,0,0,0,147048,137560,131090,121259,117003,116902,6364,5892,5000,4369,4178,5000
0,60000,2,2,1,36,-2,-2,-2,-2,-2,-2,0,2426,3367,2898,11768,3983,2426,3367,2898,11768,3983,0
0,100000,1,2,2,43,0,0,0,0,0,0,47730,47525,47184,46836,46529,47070,1808,1728,1641,1673,1689,1754
0,20000,1,3,3,46,0,0,0,0,0,-2,15523,17264,18325,15680,0,0,2000,1500,500,0,0,0
1,140000,1,2,2,28,1,3,4,3,2,0,82265,86127,84107,82362,74000,60977,5747,0,0,0,2600,2800
1,50000,1,2,1,46,0,0,0,0,-2,-2,48677,39756,30000,0,0,0,2000,3000,0,0,0,0
0,50000,1,1,2,28,0,0,0,0,0,0,28639,29482,30455,28955,25959,26144,2100,2000,1000,600,3000,0
0,120000,2,2,1,30,-1,-1,-1,-1,0,-1,686,686,686,1372,686,836,686,686,1372,0,836,686
0,120000,2,1,1,39,1,-2,-2,-2,-1,-1,0,0,0,0,915,0,0,0,0,915,0,0
0,30000,1,2,2,38,0,0,0,0,0,0,28637,28711,29138,28852,28487,27788,2002,2002,1503,2006,2005,3000
0,180000,2,1,2,26,1,-2,-2,-2,-1,-1,0,0,0,0,298,7550,0,0,0,298,7550,0
0,500000,1,1,1,46,0,0,0,0,0,-1,53049,66623,70194,68618,67300,1825,16018,10000,4,333,1831,597
0,420000,1,1,1,44,0,0,0,0,0,0,337792,293987,294203,300314,258484,274817,12011,6472,6711,5170,189740,6656
0,20000,2,2,1,45,0,0,0,0,2,0,14296,15321,16333,17434,17013,17500,1262,1274,1375,0,771,805
1,50000,2,2,2,24,0,0,0,0,0,0,39083,40150,41181,41996,43021,45700,1700,1700,1501,1700,3400,0
0,260000,2,2,2,30,0,0,0,0,0,0,19674,17810,19753,21550,21032,19979,2000,3000,3000,3000,3000,3000
0,50000,1,2,2,27,0,0,0,0,-1,-1,47481,36112,31992,33361,100,0,1910,1790,79,100,1200,0
0,50000,2,1,2,26,-1,-1,-1,-1,-1,-1,750,0,3116,302,0,5778,0,3116,302,0,5778,200
0,50000,2,2,2,49,0,0,0,0,0,0,43342,44441,45390,46310,47262,48219,2100,2000,1113,1143,1159,1381
0,100000,1,2,1,49,0,0,0,0,0,0,69896,71360,72820,74264,75821,77410,2588,2644,2656,2752,2850,2965
1,50000,2,1,2,24,4,3,2,2,2,2,38965,38063,38838,39598,40313,41293,0,1700,1700,1500,1800,1700
0,180000,2,1,2,27,0,0,0,0,0,0,174546,175121,150710,135981,136064,137343,8269,6606,5000,4900,4900,4900
0,240000,2,1,1,38,1,-2,-2,-2,-2,-2,0,0,0,0,0,0,0,100000,0,0,0,0
0,30000,1,2,1,38,2,0,0,0,0,-2,28484,29242,30037,29682,0,0,1905,1700,1108,0,0,0
1,30000,2,3,1,60,-1,3,2,0,0,3,5867,5621,4090,2829,2108,1801,0,0,0,1801,0,0
0,270000,2,1,1,45,0,0,0,0,0,0,96175,88092,78574,70330,61355,52969,3626,2700,3180,2300,2800,2009
1,30000,2,3,1,57,-1,-1,-1,-1,-1,-1,347,1353,78,135,68,193,1353,78,135,68,423,140
1,200000,2,2,1,31,-1,-1,-1,-1,-1,-1,1319,4997,3635,130,1209,938,4997,3650,130,1209,938,105
1,40000,2,2,1,29,-1,0,0,-2,-2,-1,8801,9544,0,0,0,7922,1000,0,0,0,7922,158
0,360000,2,1,1,31,-2,-2,-2,-2,-2,-2,0,18540,9007,9500,8675,6573,18540,10000,10000,9000,6600,32810
0,150000,2,3,1,57,-1,-1,-1,-1,-1,-1,5483,9136,17348,6456,12256,8156,9136,17348,6456,12256,8156,5256
1,80000,2,2,2,24,0,0,0,0,0,2,9933,11111,9998,8950,9415,5700,1370,1233,261,549,400,0
0,300000,2,1,1,32,1,-1,-1,-1,-1,-1,-227,44791,-649,129798,558,522,45018,0,130447,560,524,6776
0,220000,1,2,1,32,0,0,0,0,0,0,202010,103124,105226,107476,109746,111920,3746,3820,4000,4000,4000,4500
0,110000,2,2,1,42,-1,-1,-1,-1,-1,-1,776,776,776,776,926,776,776,776,776,926,776,776
0,50000,1,1,2,30,0,0,0,0,0,0,11787,9720,8613,5173,5593,0,1300,1034,0,1200,0,0
0,50000,2,3,2,60,0,0,0,0,0,0,31164,32384,27553,28101,28690,28467,1756,1445,993,1029,1054,977
0,230000,2,1,1,37,-1,-1,0,0,0,0,400,20123,20590,20029,17198,5177,20123,1256,1000,1000,500,801
1,50000,1,1,1,27,2,2,2,2,0,0,43333,46308,47250,46192,46997,48221,4000,2000,0,1700,2000,3600
0,240000,2,2,3,39,0,0,0,0,0,0,171907,171394,68907,70164,70672,69581,7200,3000,3000,2509,3000,2500
0,130000,2,1,2,26,0,-1,-1,-1,-2,-2,20054,1298,6712,-884,-6332,-9333,1298,6730,900,5448,0,25000
0,160000,2,1,2,34,0,0,0,0,0,0,43729,43535,40799,41255,31766,32570,2045,1809,1265,1154,1333,1313
0,210000,2,1,2,31,0,0,0,0,0,0,121697,120133,118496,116033,114617,108328,5000,5000,4036,5000,4000,4000
0,210000,2,2,2,32,-1,0,0,0,-1,-1,1952,2787,6316,6504,326,89599,1526,4000,514,326,89599,3292
0,330000,1,1,2,47,0,0,0,0,0,0,240063,242040,160008,160084,159453,159354,9500,5591,5500,6000,6000,6000
0,110000,2,2,1,51,0,0,0,2,2,2,10141,11472,12973,12468,13763,13989,1500,2000,0,1500,600,0
0,120000,2,2,2,28,1,2,2,2,2,2,108993,111266,112056,112819,111298,113290,5500,4100,4087,400,4000,8932
0,100000,2,1,2,29,-1,-1,-1,-1,-1,-1,5466,5652,9690,5286,8191,11272,5652,9690,6916,8191,6412,0
0,210000,2,2,2,34,0,0,0,0,0,0,63672,57299,59336,61349,63366,65155,2200,3000,3000,3000,3000,3500
0,350000,2,1,2,31,0,0,0,0,0,2,181550,177978,164481,198545,232543,165288,10000,20000,100048,60000,0,5000
0,180000,2,2,2,25,0,0,0,0,0,0,141836,140792,144021,146539,149286,151900,5124,6000,5300,5500,5500,6000
0,150000,2,1,2,28,0,0,0,0,0,0,66296,61916,39614,39863,26379,22081,3000,3005,5000,3000,5000,1000
0,50000,1,1,3,37,1,2,0,0,0,0,49457,47080,45833,45310,6313,5009,0,1200,1000,126,1000,0
0,230000,2,3,1,47,-1,-1,-1,-1,-1,-1,5482,15900,1678,0,764,0,15900,1678,0,764,0,1321
1,30000,2,2,1,39,2,2,0,0,0,2,9884,9586,10318,10522,11354,11022,0,1200,375,1000,0,1000
1,90000,2,2,1,24,2,2,2,2,2,2,86643,87249,86858,86373,85875,82150,3881,3000,2800,1500,2299,2500
0,390000,2,2,1,24,0,0,0,0,0,0,16406,16966,15428,13465,40736,39532,1500,1500,1000,30000,2000,3000
1,50000,2,2,2,25,2,2,2,2,2,2,15679,16228,17796,17213,18432,18981,1100,2150,0,1500,1000,0
0,320000,1,2,1,39,0,0,0,-1,-1,-1,51058,34619,18079,18077,1792,18344,1240,1403,18084,1801,18352,2072
0,20000,1,2,2,34,0,0,0,0,0,0,15907,17142,17844,18009,17356,17200,1498,1200,365,347,344,0
0,200000,2,2,1,41,0,0,0,0,0,0,42292,43764,44030,48466,49183,46919,3000,2000,5000,2000,3000,3000
1,500000,1,1,1,40,-2,-2,-2,-2,-2,-2,5255,721,17252,7388,6069,0,721,17252,7421,6069,0,0
0,190000,2,2,2,28,1,-2,-2,-2,-2,-2,0,0,0,0,0,0,0,0,0,0,0,828
1,70000,2,1,2,25,2,0,0,0,0,0,5730,7625,9484,11317,13125,14742,2000,2000,2000,2000,2000,2000
1,220000,2,1,2,35,-1,-1,-1,-1,-1,-1,8304,11526,1270,0,1121,500,11526,1282,0,1121,500,0
0,50000,1,2,2,28,0,0,0,0,2,0,28864,30090,31282,33350,32682,33385,2000,2000,2900,0,1400,1600
0,50000,1,2,1,37,0,0,0,0,0,0,15175,16505,17516,17926,18487,19029,1579,1590,1000,1000,1000,1200
0,50000,2,2,1,46,2,2,2,2,2,2,28390,29639,30854,30062,32705,33519,2000,2000,0,3300,1500,0
0,70000,1,1,1,42,0,0,0,0,0,0,70730,58103,68197,50756,50843,46727,3500,15000,3000,2000,1840,1798
0,80000,2,1,2,26,0,0,0,0,0,0,66982,66130,67489,68535,66835,64962,2986,3056,2787,2745,2564,2926
0,50000,1,3,2,41,0,0,0,0,0,0,45487,45548,46076,19092,18227,18285,1858,1685,659,658,656,651
0,150000,2,1,2,27,-1,-1,-2,-2,-2,-2,1345,0,0,0,0,0,0,0,0,0,0,24948
0,300000,2,1,1,36,-2,-1,-1,-2,-2,-2,540,1283,843,0,444,0,1283,843,0,444,0,0
0,50000,2,1,2,25,0,0,0,0,0,0,10973,12092,13386,13663,14440,15150,1300,1500,500,1000,1000,1000
0,170000,2,2,1,42,0,0,0,0,-2,-2,4600,6519,7360,2437,2881,2659,2000,1000,2437,3103,2659,2659
0,350000,1,1,2,37,-2,-2,-2,-2,-2,-2,316,316,316,466,466,316,316,316,466,466,316,316
0,470000,2,2,2,33,0,0,0,0,0,0,43353,47682,46429,43405,42796,44171,5000,2600,1500,1500,2000,1500
0,20000,1,2,2,25,0,0,0,0,0,0,13610,14160,15200,14800,17800,10000,1360,1400,0,3000,200,0
0,140000,2,2,2,26,1,-1,0,0,0,0,0,811,1633,1666,1700,0,811,1000,33,34,0,0
0,60000,2,2,2,23,1,2,2,0,0,0,45014,45698,39068,51205,54520,55964,1774,0,12858,4166,2350,3300
0,160000,2,2,2,23,0,0,2,2,0,0,122339,137278,136572,95115,96847,101443,18518,3358,0,3200,8000,4366
0,150000,2,1,2,26,0,0,0,0,0,0,101569,103688,107321,106614,108805,111012,3756,5350,2562,2629,2669,2739
0,20000,2,1,2,23,-1,-1,-1,-1,-1,-2,292,780,0,593,0,0,780,0,593,0,0,0
0,210000,1,1,2,35,-1,-1,-1,0,-1,-1,6808,4954,8739,5420,4450,4064,4960,8747,8,4450,4064,3870
0,50000,1,2,2,23,-1,-1,0,0,0,0,3352,18685,15868,11348,7822,7357,18685,1105,500,500,500,1000
0,210000,2,1,2,31,-1,-1,-1,0,0,-1,15332,10000,19875,57751,25456,10625,10000,19875,50000,15456,10625,213
0,280000,1,1,1,44,-2,-1,-1,-1,-1,0,593,1763,53669,4707,22014,3415,1777,53934,4726,22102,12,1301
0,300000,1,2,2,36,-1,0,0,-1,-1,-1,15536,17923,27007,360,257,21140,10000,10140,360,257,21346,360
0,230000,2,3,1,37,0,0,0,0,0,0,228342,189966,142377,143828,143698,143342,6100,7000,5356,5400,5200,5500
0,250000,1,2,1,47,-2,-2,-2,-2,-2,-2,8996,18069,7966,3470,3128,2966,18069,7966,3470,3128,2966,3419
0,500000,2,1,1,36,-1,-1,-1,0,0,0,24170,8051,77908,50297,43679,49749,8091,78192,65,33766,37945,37947
0,50000,2,2,1,48,0,0,0,0,0,-1,12592,12899,7313,8036,3949,26984,2017,2000,1200,100,26984,5000
0,50000,1,3,2,46,0,0,0,0,0,-1,5942,5444,2464,2521,-1,167,1056,1000,57,0,168,1002
0,150000,2,2,1,36,0,0,0,0,0,0,296846,301634,314201,84135,90500,0,7143,13700,15000,7500,0,0
0,180000,2,1,2,53,1,-2,-1,-1,-1,-1,0,41300,41300,0,3270,41300,41300,41300,0,3270,41300,0
0,450000,1,2,2,37,0,0,0,0,0,0,136655,146400,156049,164076,170885,177483,13492,13641,12168,9650,9650,9650
0,70000,2,2,3,24,1,2,0,0,0,0,4177,2657,2752,1048,462,830,0,1500,0,0,1123,0
0,110000,1,3,1,40,0,0,0,0,0,0,93357,94938,79368,74778,75996,77423,4100,2612,2666,2700,2659,2694
1,200000,1,1,1,43,1,2,0,0,0,0,203393,198272,120005,121023,128387,130960,0,5812,4500,9352,4700,5000
0,210000,2,2,2,37,1,-2,-2,-2,-2,-2,0,0,0,0,0,0,0,0,0,0,0,0
0,320000,1,1,2,36,0,0,0,0,0,-1,146201,129311,112151,84218,76058,24068,5465,3137,52,2384,25094,30011
1,20000,1,1,2,37,0,0,0,0,0,0,66599,67259,69521,16970,17326,17688,2317,2579,606,628,649,623
0,130000,2,2,2,29,-1,-1,2,0,0,-1,1110,1170,780,390,0,780,1170,0,0,0,780,0
0,20000,1,1,1,29,0,0,0,-1,-1,-1,16961,16365,9342,556,19967,1742,2000,1139,556,20191,1742,0
0,210000,1,1,1,39,-1,-1,2,2,-1,2,3391,775,450,125,800,325,1000,0,0,1000,0,650
1,30000,2,2,2,33,0,0,0,0,0,0,25498,26149,26716,26918,27089,26277,1451,1408,1000,964,1136,716
1,60000,2,3,1,36,1,2,2,0,0,0,47987,48716,47632,48738,49601,52773,1788,0,1894,1801,3997,0
0,110000,1,2,1,49,0,0,0,0,0,0,75565,64833,48586,48430,48150,48271,4009,5000,2000,2000,2000,1800
0,130000,1,1,2,32,-1,-1,-1,-2,-2,-1,32236,41510,-1523,-1523,-1523,48477,10000,0,0,0,50000,5000
0,500000,2,1,2,38,0,0,0,0,0,0,74615,74399,68761,70260,70143,68506,4010,6720,5000,5000,4000,5000
1,500000,1,2,1,38,0,0,0,-1,-1,-1,499231,511629,-311,6391,420,7619,22600,501,6892,421,7695,8679
1,100000,1,2,2,35,-1,2,2,-1,-1,2,8102,10252,5607,59265,62554,55392,2500,0,59265,4100,2500,0
0,220000,1,1,2,25,0,0,-1,0,-1,2,29664,5995,8419,6523,508,370,1018,8424,20,878,1,3046
0,50000,1,2,2,40,0,0,0,0,0,0,40561,97214,48890,8694,8876,9052,18280,2284,311,322,323,334
0,500000,1,1,1,49,-1,-1,-1,-1,-1,-1,1320,1320,1320,1320,1320,1320,1320,1320,1320,1320,1320,1320
1,50000,2,1,2,29,-1,-1,-1,0,-1,-1,2459,2471,6015,5625,3056,2439,2471,6015,0,3056,2439,3026
0,200000,2,1,1,45,-2,-2,-2,-2,-2,-2,1417,12643,3977,0,2500,199,12660,3977,0,2500,199,2944
0,320000,2,2,2,50,-1,0,-1,-1,-1,-1,5714,7870,342,-6,1252,0,3000,342,2,1500,0,10701
0,450000,1,2,2,29,1,2,0,0,0,-1,16524,12624,11239,10569,3868,5000,676,1204,264,19,5000,0
0,20000,1,3,2,26,8,7,6,5,4,3,43340,42619,35381,31539,27409,23567,0,0,0,0,0,300
0,310000,2,2,1,44,-1,-1,-2,-2,-2,-2,500,0,0,0,0,0,0,0,0,0,0,0
1,120000,2,2,2,23,0,0,0,0,0,0,100727,96551,69676,44879,43532,44467,4324,3234,1448,1400,1400,1400
0,200000,2,2,1,48,0,0,0,0,0,0,354304,303188,153179,156229,159708,163051,8000,5600,5600,6000,6000,7200
0,50000,1,3,1,53,0,0,0,0,0,0,49466,50544,25381,9652,9464,9248,2442,1669,330,1342,330,430
0,130000,1,3,1,48,0,0,0,-2,-2,-1,100522,102650,0,0,0,6163,4650,0,0,0,6163,66564
0,50000,2,2,2,23,0,0,0,0,0,0,25421,26704,26952,15673,13903,27775,2000,1000,3400,1500,25298,3961
1,130000,1,2,2,26,0,0,0,2,2,0,16435,17166,19478,19862,19403,21070,1300,2600,1000,0,2000,2000
0,50000,2,2,2,42,0,0,0,0,-1,-1,50221,49664,49611,2190,19769,19335,2215,1462,248,20787,21402,522
0,30000,1,2,2,32,2,0,0,0,0,0,17287,14493,17240,19934,22441,24899,3000,3000,3000,3000,3000,0
1,30000,2,2,1,34,2,2,2,2,2,2,24014,25891,27385,27834,28241,28130,2274,2217,1200,1000,500,2000
1,160000,1,1,2,34,-1,-1,-1,-1,-1,-1,390,390,390,520,540,390,390,390,520,560,390,0
0,50000,1,1,2,27,0,0,0,0,2,0,43341,44442,45408,48279,47406,48553,1800,1729,3600,0,2055,2100
0,80000,2,2,2,28,0,-1,-1,0,0,0,18112,8857,69841,59075,58998,61038,10084,79200,2108,2200,3006,2523
0,60000,2,2,2,25,0,0,0,0,0,0,50269,47809,42769,38855,38768,38846,4749,1621,1400,1395,1500,1795
0,230000,2,1,2,27,1,2,0,0,-1,-1,46628,45253,10507,6742,4387,1670,0,1000,135,4387,1670,2798
0,390000,2,1,2,30,0,0,0,0,0,0,86124,89129,90294,92243,94186,97562,4300,3437,3346,3475,5000,10005
0,110000,2,2,1,28,0,0,0,0,0,0,3242,4095,4296,5043,5194,6110,1300,1054,1000,1000,1000,1500
0,50000,1,1,2,24,1,-2,-2,-2,-2,-1,0,0,0,0,0,181,0,0,0,0,181,1685
1,20000,2,2,1,35,1,2,2,-2,-2,-2,22382,20650,-15000,-15000,-15000,-15000,0,0,0,0,0,0
0,100000,1,2,2,29,0,0,0,-2,-2,-2,65324,11860,0,0,0,0,2106,0,0,0,0,0
0,70000,2,3,1,33,0,0,0,0,0,0,32405,22484,23169,23337,18265,18001,10580,8009,10004,5000,5000,5000
0,150000,1,2,1,31,2,2,0,0,0,0,156286,148841,134757,85874,84665,78130,57,6203,2819,3109,2842,3024
0,390000,1,1,2,31,0,0,0,0,0,0,19469,17227,17400,19180,20036,4071,2227,2400,2180,1036,2071,3291
0,50000,1,2,1,22,0,0,0,-1,-1,0,47559,50463,49094,1884,19792,19809,3690,2500,942,19792,727,792
0,90000,1,2,2,26,2,2,-1,2,0,0,121368,102385,91591,66033,70654,121966,0,95800,0,6000,3000,3000
1,290000,2,2,2,30,0,0,0,-1,0,0,288994,296230,158127,234456,236813,211237,12549,7003,234456,9500,7592,7626
0,20000,1,2,2,24,0,0,2,0,0,0,19401,20610,19682,19593,20001,19466,3232,0,815,858,832,560
1,90000,2,1,2,28,0,0,2,2,2,2,87916,87459,88183,91204,89687,91060,5800,5400,5804,0,6700,0
0,260000,1,3,2,48,0,0,0,0,0,0,266762,268508,266858,194413,189687,162473,11500,10000,5731,5654,5275,4000
0,90000,2,2,2,26,0,0,0,0,0,0,92472,92518,91504,91706,91801,91753,4600,4100,3900,4000,3700,3700
1,100000,2,2,2,27,3,2,0,0,-1,-1,104489,101123,101600,17046,1075,1442,0,4384,341,1075,1442,1396
0,150000,2,1,2,31,0,0,0,0,0,0,126419,128887,134208,139551,134321,104513,7000,12440,10000,5000,5000,10000
0,60000,2,2,1,46,0,0,0,0,0,0,60987,60832,50469,40564,40601,40467,2145,1612,1404,1442,1445,1389
0,80000,1,2,1,42,2,0,0,0,0,0,80586,77960,79804,75299,76933,78953,3000,3200,3000,3400,3300,3500
0,80000,2,2,1,24,-1,-1,-1,-1,-1,-1,15621,3760,1368,0,1421,0,3768,1368,0,1421,0,0
0,30000,2,2,1,26,1,2,0,0,0,0,30349,29580,30121,12787,6840,2250,0,1200,256,137,45,0
0,20000,1,2,1,38,-1,-1,-1,-1,-1,-1,2638,3016,3274,7028,1839,2985,3016,3282,7055,1839,2985,4988
0,50000,1,2,2,24,0,0,-2,-2,-2,-2,34500,0,0,0,0,0,0,0,0,0,0,0
0,250000,2,1,2,37,0,0,-1,-1,-1,-1,43971,32009,13346,9163,8338,17793,1007,13346,9163,8338,18618,1763
1,50000,2,1,2,22,0,0,0,0,0,0,41940,41811,35920,19987,18971,18654,1748,1253,2504,1004,1509,4495
0,120000,2,3,2,32,0,0,-1,-1,-1,2,5152,4529,890,890,3040,1000,1015,890,890,3040,0,1580
0,20000,2,2,1,36,1,-2,-2,-2,-2,-2,-25,-25,-25,-25,-25,-25,0,0,0,0,0,0
0,280000,2,3,2,33,-1,-1,-1,-1,-1,-1,2186,2186,2184,2542,2186,2109,2196,2194,2554,2196,2119,17555
0,50000,2,1,1,35,0,0,0,0,0,-1,46532,46624,45438,39527,7997,462,3000,1200,9,500,462,1500
0,360000,1,3,2,49,-2,-2,-2,-2,-2,-2,348,7963,198840,390,390,390,8047,200222,1044,390,390,343
1,100000,1,1,2,32,-1,-1,-1,-1,2,-1,671,671,671,1642,821,671,671,671,1642,0,671,671
0,140000,2,3,1,42,2,2,2,2,2,0,47556,48802,47722,50411,49473,50649,2300,0,3800,0,2000,2000
0,170000,2,2,1,33,0,0,0,0,0,0,172382,173101,171158,121399,118539,121276,6558,6316,3828,3569,3959,3997
0,50000,2,2,1,33,-1,0,0,0,0,0,25658,26539,27507,28299,12012,8923,1700,2080,3000,1000,1000,1000
0,50000,1,3,1,46,0,0,0,0,0,0,49083,27822,28702,29119,29240,28664,1463,1733,1150,1480,1200,3135
1,120000,1,2,1,47,-1,-1,-1,0,0,-1,2486,151,2853,2896,1149,1758,260,5753,1153,3,1759,4084
0,170000,2,2,2,38,0,0,0,0,2,2,86401,88991,91571,94045,97965,101176,3991,4071,4000,5600,5000,4000
0,380000,1,2,1,43,-1,0,0,0,0,-2,195221,188328,192624,149860,59256,61039,8000,8263,7127,4000,3000,2500
0,400000,2,3,1,37,0,0,0,0,0,0,76917,79075,81864,83747,85487,88315,4000,4000,3000,3000,4000,4000
0,50000,2,1,2,30,0,0,0,0,0,0,30145,26212,17354,18157,18952,14036,5000,2000,1000,1000,1000,1000
0,440000,2,2,1,42,1,-2,-2,-2,-2,-2,22597,7288,5683,-20,-20,9881,7324,5683,20,0,9901,121971
0,30000,2,2,1,24,2,2,2,2,2,2,150,150,150,150,150,300,0,0,0,0,150,0
0,470000,1,1,1,39,-1,-1,-1,-1,-1,-1,5572,3595,22816,2360,4206,5527,3595,22816,2360,4356,5527,6420
0,180000,2,3,1,40,-1,-1,-2,-1,-1,-1,1903,0,0,3155,1173,1021,0,0,3155,1173,1021,0
1,110000,1,3,2,32,0,-1,-1,-2,-2,-2,34000,223,0,0,0,0,223,0,0,0,0,0
0,300000,1,1,2,25,0,0,0,0,0,0,76918,41773,31180,19507,18169,18533,4103,1427,600,1200,2500,18000
0,120000,2,1,2,31,-1,-1,-1,-1,-1,-1,325,325,325,325,325,1866,325,325,325,325,1866,325
0,220000,1,1,2,33,-2,-2,-2,-2,-1,0,3233,2106,666,1064,707,9213,2108,1332,1064,707,9325,1500
0,50000,1,1,2,27,0,0,0,0,-1,-1,50459,36307,27713,3807,2746,625,1600,3071,500,2800,900,100
0,100000,1,2,1,43,1,-2,-2,-2,-1,0,0,0,0,0,551,551,0,0,0,551,0,0
0,170000,2,1,2,30,-2,-2,-2,-2,-2,-2,3733,1958,5956,1836,3959,1285,1958,5956,1842,3959,1285,0
0,360000,2,1,2,37,-1,-1,-1,-1,-1,-1,3355,5865,3300,6290,8220,28410,5865,3300,6290,8220,28410,4845
0,180000,2,2,2,43,0,0,0,-2,-2,-1,4819,5240,999,495,1776,79785,1010,1003,496,1781,81032,3600
0,120000,1,2,2,27,0,0,0,0,0,0,33474,29029,26523,20554,19348,17439,1789,2037,659,802,640,513
0,210000,1,3,2,32,-2,-1,-1,-1,-1,-1,1649,1000,0,1761,675,752,1000,0,1761,675,752,1104
1,60000,1,2,1,56,0,0,0,0,0,0,28842,30371,31556,32345,33663,34945,2000,2000,1315,2000,2000,2000
0,130000,1,2,1,40,0,0,0,0,0,0,20733,14261,22242,18265,21546,32411,7261,12272,10265,11546,12411,10000
0,50000,2,3,1,36,0,-1,0,0,0,0,3781,1710,25967,17227,15714,15876,1710,25000,754,600,800,1900
1,50000,2,3,1,52,1,2,0,0,2,2,30505,29731,31062,33231,33736,33042,0,1831,3000,1182,0,1228
1,100000,2,1,1,33,-1,-1,-2,-2,-2,-2,3976,0,0,0,0,0,0,0,0,0,0,402
0,150000,2,3,1,43,0,0,0,0,0,0,90606,93496,94196,91550,89586,88300,4348,3229,3150,3348,3244,8778
1,240000,1,2,1,38,2,-1,-1,0,0,-1,6848,836,2508,1672,836,563,836,2508,0,0,563,1090
0,120000,1,2,3,38,-2,-2,-2,-2,-2,-2,7787,3495,1706,-4,-4,-4,3505,1711,0,0,0,0
1,80000,2,2,1,32,-1,-1,-1,-1,-1,-1,199,199,199,199,0,22109,199,199,199,0,22109,45352
1,210000,2,2,1,27,2,2,0,0,0,0,174134,167095,161573,122362,116243,108414,16,6800,3800,5134,4000,4000
0,80000,2,2,2,37,-1,2,-1,0,0,0,1118,1102,10512,19529,27167,30878,0,10512,9529,8167,5000,6220
1,50000,2,2,1,38,0,0,2,0,0,0,20838,23204,22538,22864,23495,24100,3000,0,1000,1000,1000,1000
